,종가,시가,고가,저가,거래량,개인순매수,외국인순매수,기관순매수,외국인보유,기관보유량,전일비,변화
2020-06-02,2055.0,0.0,0.0,0.0,0.0,0,0,0,0.0,-802060,0.0,EVEN
2020-05-27,2055.0,0.0,0.0,0.0,0.0,0,0,0,0.0002,-802060,0.0,EVEN
2020-05-22,2055.0,0.0,0.0,0.0,0.0,,,,,,,
2020-05-21,,,,,,0.0,0.0,0.0,0.0002,-761019.0,0.0,EVEN
2020-05-20,,,,,,0.0,0.0,0.0,0.0,-761019.0,0.0,EVEN
2020-05-13,2055.0,2065.0,2070.0,2055.0,52525.0,37424.0,384.0,-37808.0,0.0001,-761019.0,10.0,FALL
2020-05-12,2065.0,2065.0,2065.0,2060.0,18414.0,0.0,0.0,0.0,0.0,-723211.0,0.0,EVEN
2020-05-11,2065.0,2065.0,2070.0,2065.0,8789.0,800.0,0.0,-800.0,0.0,-723211.0,5.0,FALL
2020-05-08,2070.0,2065.0,2080.0,2065.0,73746.0,22263.0,0.0,-22263.0,0.0,-722411.0,0.0,EVEN
2020-05-07,2070.0,2065.0,2070.0,2065.0,7704.0,551.0,-377.0,-174.0,0.0,-700148.0,0.0,EVEN
2020-05-06,2070.0,2065.0,2075.0,2065.0,45495.0,19623.0,377.0,-20000.0,0.0001,-699974.0,5.0,RISE
2020-05-04,2065.0,2070.0,2070.0,2065.0,15465.0,8791.0,0.0,-8791.0,0.0,-679974.0,5.0,FALL
2020-04-29,2070.0,2050.0,2070.0,2050.0,47594.0,10184.0,-184.0,-10000.0,0.0,-671183.0,5.0,RISE
2020-04-28,2065.0,2055.0,2075.0,2055.0,35661.0,5080.0,0.0,-5080.0,0.0,-661183.0,10.0,RISE
2020-04-27,2055.0,2050.0,2055.0,2050.0,22574.0,-184.0,184.0,0.0,0.0,-656103.0,5.0,RISE
2020-04-24,2050.0,2050.0,2050.0,2050.0,3551.0,0.0,0.0,0.0,0.0,-656103.0,0.0,EVEN
2020-04-23,2050.0,2050.0,2055.0,2050.0,3714.0,-770.0,-230.0,1000.0,0.0,-656103.0,0.0,EVEN
2020-04-22,2050.0,2055.0,2055.0,2050.0,629.0,0.0,0.0,0.0,0.0,-657103.0,5.0,FALL
2020-04-21,2055.0,2050.0,2055.0,2050.0,4368.0,230.0,-230.0,0.0,0.0,-657103.0,5.0,RISE
2020-04-20,2050.0,2055.0,2055.0,2045.0,15737.0,-1230.0,230.0,1000.0,0.0,-657103.0,0.0,EVEN
2020-04-17,2050.0,2045.0,2055.0,2045.0,48255.0,33483.0,16.0,-33499.0,0.0,-658103.0,5.0,RISE
2020-04-16,2045.0,2045.0,2050.0,2045.0,17700.0,3500.0,0.0,-3500.0,0.0,-624604.0,5.0,FALL
2020-04-14,2050.0,2050.0,2050.0,2050.0,13651.0,-151.0,214.0,-63.0,0.0002,-621104.0,0.0,EVEN
2020-04-13,2050.0,2050.0,2050.0,2050.0,4321.0,0.0,-150.0,150.0,0.0,-621041.0,0.0,EVEN
2020-04-10,2050.0,2050.0,2050.0,2040.0,6843.0,-150.0,150.0,0.0,0.0,-621191.0,0.0,EVEN
2020-04-09,2050.0,2055.0,2055.0,2050.0,6501.0,-436.0,0.0,436.0,0.0,-621191.0,0.0,EVEN
2020-04-08,2050.0,2055.0,2055.0,2050.0,13018.0,-6767.0,0.0,6767.0,0.0,-621627.0,5.0,FALL
2020-04-07,2055.0,2050.0,2055.0,2040.0,7055.0,5900.0,0.0,-5900.0,0.0,-628394.0,5.0,RISE
2020-04-06,2050.0,2040.0,2090.0,2040.0,8563.0,5899.0,0.0,-5899.0,0.0,-622494.0,10.0,RISE
2020-04-03,2040.0,2040.0,2040.0,2040.0,8160.0,5800.0,0.0,-5800.0,0.0,-616595.0,10.0,FALL
2020-04-02,2050.0,2040.0,2050.0,2040.0,10453.0,5700.0,0.0,-5700.0,0.0,-610795.0,10.0,RISE
2020-04-01,2040.0,2040.0,2045.0,2040.0,22101.0,6600.0,0.0,-6600.0,0.0,-605095.0,0.0,EVEN
2020-03-31,2040.0,2035.0,2045.0,2035.0,6795.0,0.0,0.0,0.0,0.0,-598495.0,5.0,RISE
2020-03-30,2035.0,2035.0,2035.0,2030.0,3447.0,0.0,0.0,0.0,0.0,-598495.0,5.0,FALL
2020-03-27,2040.0,2030.0,2045.0,2030.0,7500.0,6000.0,0.0,-6000.0,0.0001,-598495.0,5.0,RISE
2020-03-26,2035.0,2040.0,2040.0,2035.0,2500.0,0.0,0.0,0.0,0.0001,-592495.0,5.0,RISE
2020-03-25,2030.0,2030.0,2040.0,2030.0,16508.0,-1.0,0.0,1.0,0.0,-592495.0,0.0,EVEN
2020-03-24,2030.0,2015.0,2030.0,2015.0,4506.0,-1.0,0.0,1.0,0.0001,-592496.0,15.0,RISE
2020-03-23,2015.0,2035.0,2035.0,2015.0,19742.0,-5.0,0.0,5.0,0.0001,-592497.0,15.0,FALL
2020-03-20,2030.0,2015.0,2035.0,2015.0,18901.0,0.0,0.0,0.0,0.0001,-592502.0,10.0,FALL
2020-03-19,2040.0,2040.0,2040.0,2025.0,83492.0,335.0,-337.0,2.0,0.0001,-592502.0,5.0,FALL
2020-03-18,2045.0,2050.0,2050.0,2040.0,15746.0,-337.0,337.0,0.0,0.0002,-592504.0,5.0,FALL
2020-03-17,2050.0,2040.0,2050.0,2040.0,25452.0,212.0,-212.0,0.0,0.0001,-592504.0,10.0,RISE
2020-03-16,2040.0,2045.0,2045.0,2040.0,46835.0,37.0,-37.0,0.0,0.0002,-592504.0,0.0,EVEN
2020-03-13,2040.0,2045.0,2055.0,2040.0,39803.0,-251.0,249.0,2.0,0.0002,-592504.0,15.0,FALL
2020-03-12,2055.0,2060.0,2060.0,2045.0,48075.0,-1.0,0.0,1.0,0.0001,-592506.0,5.0,RISE
2020-03-11,2050.0,2060.0,2060.0,2050.0,6485.0,0.0,0.0,0.0,0.0001,-592507.0,5.0,FALL
2020-03-10,2055.0,2060.0,2060.0,2050.0,867.0,-381.0,0.0,381.0,0.0001,-592507.0,5.0,FALL
2020-03-09,2060.0,2045.0,2060.0,2045.0,9315.0,-1.0,0.0,1.0,0.0001,-592888.0,0.0,EVEN
2020-03-06,2060.0,2045.0,2060.0,2045.0,2581.0,-1.0,0.0,1.0,0.0001,-592889.0,5.0,RISE
2020-03-05,2055.0,2055.0,2060.0,2055.0,3501.0,801.0,0.0,-801.0,0.0001,-592890.0,0.0,EVEN
2020-03-04,2055.0,2050.0,2055.0,2045.0,6946.0,-1.0,0.0,1.0,0.0001,-592089.0,0.0,EVEN
2020-03-03,2055.0,2045.0,2055.0,2045.0,7618.0,7481.0,0.0,-7481.0,0.0001,-592090.0,5.0,FALL
2020-03-02,2060.0,2045.0,2060.0,2045.0,19986.0,2962.0,0.0,-2962.0,0.0001,-584609.0,5.0,RISE
2020-02-28,2055.0,2050.0,2060.0,2045.0,12389.0,3024.0,0.0,-3024.0,0.0001,-581647.0,5.0,FALL
2020-02-27,2060.0,2045.0,2060.0,2045.0,6325.0,0.0,0.0,0.0,0.0001,-578623.0,5.0,RISE
2020-02-26,2055.0,2055.0,2055.0,2055.0,500.0,0.0,0.0,0.0,0.0001,-578623.0,0.0,EVEN
2020-02-25,2055.0,2045.0,2055.0,2035.0,119246.0,70843.0,0.0,-70843.0,0.0001,-578623.0,0.0,EVEN
2020-02-24,2055.0,2050.0,2055.0,2045.0,10670.0,-1.0,0.0,1.0,0.0001,-507780.0,5.0,FALL
2020-02-21,2060.0,2060.0,2060.0,2060.0,4579.0,0.0,0.0,0.0,0.0001,-507781.0,0.0,EVEN
2020-02-20,2060.0,2060.0,2060.0,2055.0,5501.0,-1.0,0.0,1.0,0.0001,-507781.0,0.0,EVEN
2020-02-19,2060.0,2060.0,2060.0,2060.0,1.0,0.0,0.0,0.0,0.0001,-507782.0,5.0,RISE
2020-02-18,2055.0,2060.0,2060.0,2055.0,1465.0,0.0,0.0,0.0,0.0001,-507782.0,5.0,FALL
2020-02-17,2060.0,2060.0,2060.0,2045.0,3809.0,-1.0,0.0,1.0,0.0001,-507782.0,0.0,EVEN
2020-02-14,2060.0,2050.0,2060.0,2045.0,8001.0,-4001.0,0.0,4001.0,0.0001,-507783.0,5.0,RISE
2020-02-13,2055.0,2055.0,2055.0,2050.0,1002.0,-1.0,0.0,1.0,0.0001,-511784.0,0.0,EVEN
2020-02-12,2055.0,2045.0,2055.0,2045.0,24160.0,18558.0,0.0,-18558.0,0.0001,-511785.0,0.0,EVEN
2020-02-11,2055.0,2055.0,2055.0,2045.0,2723.0,-1.0,0.0,1.0,0.0001,-493227.0,0.0,EVEN
2020-02-10,2055.0,2050.0,2055.0,2050.0,1020.0,0.0,0.0,0.0,0.0001,-493228.0,0.0,EVEN
2020-02-07,2055.0,2055.0,2055.0,2055.0,1.0,0.0,0.0,0.0,0.0001,-493228.0,5.0,RISE
2020-02-06,2050.0,2050.0,2050.0,2050.0,0.0,,,,,,,
2020-02-05,2050.0,2050.0,2050.0,2045.0,5212.0,,,,,,,
2020-02-04,2050.0,2050.0,2050.0,2045.0,13.0,,,,,,,
2020-02-03,2045.0,2050.0,2050.0,2040.0,16555.0,-1.0,0.0,1.0,0.0001,-493228.0,5.0,FALL
2020-01-31,2050.0,2050.0,2050.0,2045.0,22754.0,0.0,0.0,0.0,0.0001,-493229.0,0.0,EVEN
2020-01-30,2050.0,2040.0,2050.0,2040.0,6700.0,0.0,0.0,0.0,0.0001,-493229.0,10.0,RISE
2020-01-29,2040.0,2040.0,2045.0,2040.0,7925.0,0.0,0.0,0.0,0.0001,-493229.0,5.0,RISE
2020-01-28,2035.0,2040.0,2040.0,2035.0,3231.0,0.0,0.0,0.0,0.0001,-493229.0,15.0,FALL
2020-01-23,2050.0,2050.0,2050.0,2050.0,559.0,,,,,,,
2020-01-22,2050.0,2055.0,2055.0,2050.0,3500.0,,,,,,,
2020-01-21,2050.0,2050.0,2050.0,2050.0,501.0,,,,,,,
2020-01-20,2050.0,2050.0,2050.0,2040.0,1146.0,-1.0,0.0,1.0,0.0001,-493229.0,5.0,FALL
2020-01-17,2055.0,2045.0,2055.0,2045.0,2000.0,-2000.0,0.0,2000.0,0.0001,-493230.0,15.0,RISE
2020-01-16,2040.0,2055.0,2055.0,2040.0,7511.0,-1.0,0.0,1.0,0.0001,-495230.0,10.0,FALL
2020-01-15,2050.0,2045.0,2050.0,2045.0,1493.0,-1.0,0.0,1.0,0.0001,-495231.0,0.0,EVEN
2020-01-14,2050.0,2040.0,2050.0,2040.0,510.0,-2.0,0.0,2.0,0.0001,-495232.0,0.0,EVEN
2020-01-13,2050.0,2050.0,2050.0,2050.0,1.0,0.0,0.0,0.0,0.0001,-495234.0,0.0,EVEN
2020-01-10,2050.0,2040.0,2050.0,2030.0,10792.0,-1.0,0.0,1.0,0.0001,-495234.0,10.0,RISE
2020-01-09,2040.0,2055.0,2055.0,2035.0,18746.0,1999.0,-10000.0,8001.0,0.0001,-495235.0,10.0,FALL
2020-01-08,2050.0,2035.0,2050.0,2035.0,2502.0,-2.0,0.0,2.0,0.0018,-503236.0,5.0,RISE
2020-01-07,2045.0,2050.0,2050.0,2040.0,5766.0,0.0,0.0,0.0,0.0018,-503238.0,5.0,FALL
2020-01-06,2050.0,2050.0,2050.0,2045.0,3.0,-2.0,0.0,2.0,0.0018,-503238.0,5.0,RISE
2020-01-03,2045.0,2040.0,2045.0,2035.0,6864.0,-2294.0,0.0,2294.0,0.0018,-503240.0,0.0,EVEN
2020-01-02,2045.0,2045.0,2045.0,2045.0,525.0,0.0,0.0,0.0,0.0018,-505534.0,0.0,EVEN
2019-12-30,2045.0,2050.0,2050.0,2045.0,2133.0,-1.0,0.0,1.0,0.0018,-505534.0,0.0,EVEN
2019-12-27,2045.0,2050.0,2050.0,2045.0,2000.0,-1.0,0.0,1.0,0.0018,-505535.0,5.0,RISE
2019-12-26,2040.0,2040.0,2045.0,2040.0,3030.0,-2.0,0.0,2.0,0.0018,-505536.0,10.0,FALL
2019-12-24,,,,,,0.0,0.0,0.0,0.0018,-505538.0,0.0,EVEN
2019-12-23,2050.0,2040.0,2050.0,2035.0,14002.0,5198.0,0.0,-5198.0,0.0018,-505538.0,10.0,RISE
2019-12-20,2040.0,2040.0,2050.0,2040.0,3680.0,-1.0,0.0,1.0,0.0018,-500340.0,10.0,FALL
2019-12-19,2050.0,2050.0,2050.0,2050.0,538.0,38.0,0.0,-38.0,0.0018,-500341.0,15.0,RISE
2019-12-18,2035.0,2045.0,2045.0,2035.0,8449.0,0.0,0.0,0.0,0.0018,-500303.0,25.0,FALL
2019-12-17,2060.0,2045.0,2060.0,2045.0,2.0,-1.0,0.0,1.0,0.0018,-500303.0,10.0,RISE
2019-12-16,2050.0,2050.0,2060.0,2050.0,4811.0,-1.0,0.0,1.0,0.0018,-500304.0,5.0,RISE
2019-12-13,2045.0,2045.0,2045.0,2045.0,3393.0,0.0,0.0,0.0,0.0018,-500305.0,5.0,FALL
2019-12-12,2050.0,2045.0,2055.0,2045.0,2001.0,-1.0,0.0,1.0,0.0018,-500305.0,5.0,FALL
2019-12-11,2055.0,2045.0,2055.0,2045.0,2488.0,-3.0,0.0,3.0,0.0018,-500306.0,10.0,RISE
2019-12-10,2045.0,2060.0,2060.0,2045.0,2001.0,-1.0,0.0,1.0,0.0018,-500309.0,10.0,FALL
2019-12-09,2055.0,2055.0,2055.0,2055.0,1300.0,0.0,0.0,0.0,0.0018,-500310.0,0.0,EVEN
2019-12-06,2055.0,2070.0,2070.0,2045.0,416.0,-1.0,0.0,1.0,0.0018,-500310.0,5.0,FALL
2019-12-05,2060.0,2075.0,2075.0,2060.0,3121.0,-1002.0,0.0,1002.0,0.0018,-500311.0,10.0,FALL
2019-12-04,2070.0,2065.0,2070.0,2065.0,23960.0,-22704.0,0.0,22704.0,0.0018,-501313.0,5.0,RISE
2019-12-03,2065.0,2065.0,2065.0,2060.0,7687.0,-7592.0,0.0,7592.0,0.0018,-524017.0,5.0,RISE
2019-12-02,2060.0,2065.0,2065.0,2060.0,26954.0,-25474.0,0.0,25474.0,0.0018,-531609.0,0.0,EVEN
2019-11-29,2060.0,2055.0,2065.0,2055.0,15032.0,-12262.0,0.0,12262.0,0.0018,-557083.0,5.0,RISE
2019-11-28,2055.0,2050.0,2055.0,2050.0,3673.0,-3673.0,0.0,3673.0,0.0018,-569345.0,5.0,RISE
2019-11-27,2050.0,2045.0,2050.0,2045.0,1232.0,0.0,0.0,0.0,0.0018,-573018.0,5.0,RISE
2019-11-26,2045.0,2045.0,2045.0,2045.0,2.0,0.0,0.0,0.0,0.0018,-573018.0,0.0,EVEN
2019-11-25,2045.0,2040.0,2050.0,2040.0,13006.0,-10361.0,0.0,10361.0,0.0018,-573018.0,0.0,EVEN
2019-11-22,2045.0,2045.0,2045.0,2045.0,10000.0,-9000.0,0.0,9000.0,0.0018,-583379.0,0.0,EVEN
2019-11-21,2045.0,2045.0,2045.0,2045.0,11798.0,-11000.0,0.0,11000.0,0.0018,-592379.0,0.0,EVEN
2019-11-20,2045.0,2050.0,2050.0,2045.0,6948.0,-6000.0,0.0,6000.0,0.0018,-603379.0,5.0,FALL
2019-11-19,2050.0,2040.0,2050.0,2040.0,4169.0,-2786.0,0.0,2786.0,0.0018,-609379.0,0.0,EVEN
2019-11-18,2050.0,2050.0,2050.0,2040.0,14406.0,-1311.0,0.0,1311.0,0.0018,-612165.0,0.0,EVEN
2019-11-15,2050.0,2050.0,2060.0,2045.0,8779.0,-5003.0,0.0,5003.0,0.0018,-613476.0,5.0,FALL
2019-11-14,2055.0,2050.0,2055.0,2045.0,7563.0,0.0,0.0,0.0,0.0018,-618479.0,5.0,RISE
2019-11-13,2050.0,2050.0,2050.0,2035.0,30609.0,10490.0,0.0,-10490.0,0.0,-618479.0,5.0,FALL
2019-11-12,2055.0,2045.0,2055.0,2045.0,34315.0,434.0,0.0,-434.0,0.0018,-607989.0,10.0,RISE
2019-11-11,2045.0,2050.0,2050.0,2045.0,23598.0,-16604.0,0.0,16604.0,0.0,-607555.0,5.0,FALL
2019-11-08,2050.0,2050.0,2050.0,2045.0,18700.0,-13024.0,0.0,13024.0,0.0018,-624159.0,0.0,EVEN
2019-11-07,2050.0,2055.0,2055.0,2040.0,19524.0,-2708.0,0.0,2708.0,0.0018,-637183.0,5.0,FALL
2019-11-06,2055.0,2055.0,2055.0,2045.0,9539.0,-6279.0,0.0,6279.0,0.0018,-639891.0,0.0,EVEN
2019-11-05,2055.0,2060.0,2065.0,2050.0,8128.0,-3512.0,0.0,3512.0,0.0018,-646170.0,5.0,FALL
2019-11-04,2060.0,2065.0,2065.0,2045.0,4611.0,-2340.0,0.0,2340.0,0.0018,-649682.0,5.0,FALL
2019-11-01,2065.0,2065.0,2065.0,2055.0,14350.0,12250.0,0.0,-12250.0,0.0018,-652022.0,0.0,EVEN
2019-10-31,2065.0,2065.0,2065.0,2060.0,8814.0,-1500.0,0.0,1500.0,0.0018,-639772.0,0.0,EVEN
2019-10-30,2065.0,2075.0,2085.0,2065.0,13000.0,-1005.0,0.0,1005.0,0.0018,-641272.0,15.0,FALL
2019-10-29,2080.0,2075.0,2080.0,2065.0,123.0,-1.0,0.0,1.0,0.0018,-642277.0,0.0,EVEN
2019-10-28,2080.0,2080.0,2080.0,2080.0,10060.0,0.0,0.0,0.0,0.0018,-642278.0,0.0,EVEN
2019-10-25,2080.0,2045.0,2085.0,2045.0,3975.0,-1000.0,0.0,1000.0,0.0018,-642278.0,10.0,FALL
2019-10-24,2090.0,2090.0,2090.0,2085.0,5442.0,0.0,0.0,0.0,0.0018,-643278.0,0.0,EVEN
2019-10-23,2090.0,2095.0,2100.0,2035.0,15217.0,-887.0,0.0,887.0,0.0018,-643278.0,5.0,FALL
2019-10-22,2095.0,2085.0,2095.0,2085.0,21019.0,10000.0,0.0,-10000.0,0.0018,-644165.0,0.0,EVEN
2019-10-21,2095.0,2095.0,2095.0,2095.0,14629.0,0.0,0.0,0.0,0.0018,-634165.0,0.0,EVEN
2019-10-18,2095.0,2095.0,2100.0,2095.0,8461.0,0.0,0.0,0.0,0.0018,-634165.0,10.0,FALL
2019-10-17,2105.0,2095.0,2105.0,2090.0,2489.0,0.0,0.0,0.0,0.0018,-634165.0,10.0,RISE
2019-10-16,2095.0,2100.0,2100.0,2095.0,1216.0,0.0,0.0,0.0,0.0018,-634165.0,5.0,FALL
2019-10-15,2100.0,2110.0,2110.0,2100.0,1006.0,,,,,,,
2019-10-14,2110.0,2105.0,2110.0,2100.0,12005.0,0.0,0.0,0.0,0.0018,-634165.0,5.0,RISE
2019-10-11,2105.0,2095.0,2105.0,2080.0,18013.0,-2699.0,0.0,2699.0,0.0018,-634165.0,0.0,EVEN
2019-10-10,2105.0,2100.0,2105.0,2100.0,1067.0,0.0,0.0,0.0,0.0018,-636864.0,5.0,RISE
2019-10-08,2100.0,2100.0,2100.0,2100.0,900.0,0.0,0.0,0.0,0.0018,-636864.0,0.0,EVEN
2019-10-07,2100.0,2110.0,2110.0,2100.0,12463.0,1450.0,0.0,-1450.0,0.0018,-636864.0,15.0,FALL
2019-10-04,2115.0,2110.0,2115.0,2110.0,7135.0,-5000.0,0.0,5000.0,0.0018,-635414.0,5.0,FALL
2019-10-02,2120.0,2115.0,2120.0,2115.0,2269.0,0.0,0.0,0.0,0.0018,-640414.0,0.0,EVEN
2019-10-01,2120.0,2110.0,2120.0,2110.0,2056.0,-541.0,0.0,541.0,0.0018,-640414.0,10.0,RISE
2019-09-30,2110.0,2120.0,2120.0,2110.0,517.0,1.0,0.0,-1.0,0.0018,-640955.0,10.0,FALL
2019-09-27,2120.0,2105.0,2120.0,2105.0,48607.0,-27.0,0.0,27.0,0.0018,-640954.0,5.0,RISE
2019-09-26,2115.0,2115.0,2115.0,2105.0,5875.0,-5865.0,0.0,5865.0,0.0018,-640981.0,5.0,FALL
2019-09-25,2120.0,2120.0,2120.0,2110.0,92.0,-37.0,0.0,37.0,0.0018,-646846.0,5.0,RISE
2019-09-24,2115.0,2110.0,2115.0,2105.0,2252.0,0.0,0.0,0.0,0.0018,-646883.0,5.0,RISE
2019-09-23,2110.0,2110.0,2110.0,2110.0,693.0,0.0,0.0,0.0,0.0018,-646883.0,0.0,EVEN
2019-09-20,2110.0,2105.0,2110.0,2105.0,8440.0,-500.0,0.0,500.0,0.0018,-646883.0,10.0,RISE
2019-09-19,2100.0,2110.0,2110.0,2100.0,29613.0,-1889.0,0.0,1889.0,0.0018,-647383.0,10.0,FALL
2019-09-18,2110.0,2110.0,2110.0,2105.0,11147.0,-5313.0,0.0,5313.0,0.0018,-649272.0,5.0,FALL
2019-09-17,2115.0,2105.0,2115.0,2100.0,5177.0,2000.0,0.0,-2000.0,0.0018,-654585.0,5.0,RISE
2019-09-16,2110.0,2110.0,2110.0,2110.0,4760.0,0.0,0.0,0.0,0.0018,-652585.0,0.0,EVEN
2019-09-11,2110.0,2110.0,2110.0,2110.0,5700.0,,,,,,,
2019-09-10,2110.0,2110.0,2110.0,2110.0,500.0,0.0,0.0,0.0,0.0018,-652585.0,5.0,FALL
2019-09-09,2115.0,2100.0,2115.0,2100.0,2782.0,-1718.0,0.0,1718.0,0.0018,-652585.0,10.0,RISE
2019-09-06,2105.0,2100.0,2110.0,2100.0,1046.0,-732.0,0.0,732.0,0.0018,-654303.0,10.0,FALL
2019-09-05,2115.0,2110.0,2115.0,2110.0,142.0,0.0,0.0,0.0,0.0018,-655035.0,15.0,RISE
2019-09-04,2100.0,2100.0,2100.0,2095.0,2803.0,1797.0,0.0,-1797.0,0.0018,-655035.0,10.0,FALL
2019-09-03,2110.0,2115.0,2115.0,2100.0,551.0,0.0,0.0,0.0,0.0018,-653238.0,5.0,FALL
2019-09-02,2115.0,2115.0,2115.0,2115.0,1002.0,0.0,0.0,0.0,0.0018,-653238.0,5.0,RISE
2019-08-30,2110.0,2110.0,2110.0,2110.0,3026.0,0.0,0.0,0.0,0.0018,-653238.0,0.0,EVEN
2019-08-29,2110.0,2100.0,2110.0,2100.0,643.0,-39.0,0.0,39.0,0.0018,-653238.0,0.0,EVEN
2019-08-28,2110.0,2100.0,2110.0,2100.0,1227.0,-212.0,0.0,212.0,0.0018,-653277.0,10.0,FALL
2019-08-27,2120.0,2115.0,2120.0,2100.0,8724.0,7194.0,0.0,-7194.0,0.0018,-653489.0,20.0,RISE
2019-08-26,2100.0,2095.0,2100.0,2095.0,5.0,0.0,0.0,0.0,0.0018,-646295.0,10.0,FALL
2019-08-23,2110.0,2110.0,2110.0,2100.0,4711.0,0.0,0.0,0.0,0.0018,-646295.0,10.0,RISE
2019-08-22,2100.0,2110.0,2115.0,2100.0,29606.0,-3701.0,0.0,3701.0,0.0018,-646295.0,10.0,FALL
2019-08-21,2110.0,2115.0,2115.0,2100.0,13724.0,-2500.0,0.0,2500.0,0.0018,-649996.0,0.0,EVEN
2019-08-20,2110.0,2110.0,2110.0,2100.0,2693.0,-1337.0,0.0,1337.0,0.0018,-652496.0,0.0,EVEN
2019-08-19,2110.0,2110.0,2110.0,2105.0,4309.0,0.0,0.0,0.0,0.0018,-653833.0,0.0,EVEN
2019-08-16,2110.0,2100.0,2110.0,2100.0,731.0,0.0,0.0,0.0,0.0018,-653833.0,10.0,RISE
2019-08-14,2100.0,2110.0,2110.0,2100.0,7051.0,,,,,,,
2019-08-13,2100.0,2110.0,2110.0,2100.0,1249.0,0.0,0.0,0.0,0.0018,-653833.0,10.0,FALL
2019-08-12,2110.0,2095.0,2110.0,2095.0,2236.0,0.0,0.0,0.0,0.0018,-653833.0,15.0,RISE
2019-08-09,2095.0,2095.0,2100.0,2095.0,1535.0,,,,,,,
2019-08-08,2095.0,2095.0,2110.0,2095.0,6004.0,,,,,,,
2019-08-07,2095.0,2105.0,2105.0,2085.0,81213.0,47611.0,0.0,-47611.0,0.0018,-653833.0,5.0,FALL
2019-08-06,2100.0,2120.0,2120.0,2100.0,33276.0,13999.0,0.0,-13999.0,0.0017,-606222.0,5.0,FALL
2019-08-05,2105.0,2120.0,2125.0,2100.0,41439.0,-2000.0,0.0,2000.0,0.0017,-592223.0,20.0,FALL
2019-08-02,2125.0,2125.0,2135.0,2125.0,6547.0,0.0,0.0,0.0,0.0017,-594223.0,0.0,EVEN
2019-08-01,2125.0,2120.0,2125.0,2120.0,2015.0,0.0,0.0,0.0,0.0017,-594223.0,5.0,RISE
2019-07-31,2120.0,2130.0,2130.0,2120.0,2225.0,0.0,0.0,0.0,0.0017,-594223.0,15.0,FALL
2019-07-30,2135.0,2120.0,2135.0,2120.0,3842.0,-1.0,0.0,1.0,0.0017,-594223.0,0.0,EVEN
2019-07-29,2135.0,2125.0,2135.0,2120.0,2310.0,0.0,0.0,0.0,0.0017,-594224.0,0.0,EVEN
2019-07-26,2135.0,2145.0,2160.0,2125.0,5633.0,0.0,0.0,0.0,0.0017,-594224.0,5.0,RISE
2019-07-25,2130.0,2130.0,2130.0,2125.0,3737.0,,,,,,,
2019-07-24,2130.0,2130.0,2135.0,2130.0,8791.0,,,,,,,
2019-07-23,2130.0,2155.0,2155.0,2130.0,10126.0,0.0,0.0,0.0,0.0017,-594224.0,5.0,FALL
2019-07-22,2135.0,2150.0,2155.0,2135.0,14256.0,0.0,0.0,0.0,0.0017,-594224.0,10.0,FALL
2019-07-19,2145.0,2120.0,2145.0,2120.0,13563.0,0.0,0.0,0.0,0.0017,-594224.0,30.0,RISE
2019-07-18,2115.0,2115.0,2115.0,2115.0,3127.0,,,,,,,
2019-07-17,2115.0,2125.0,2125.0,2115.0,8826.0,0.0,0.0,0.0,0.0017,-594224.0,20.0,FALL
2019-07-16,2135.0,2140.0,2140.0,2120.0,5600.0,0.0,0.0,0.0,0.0017,-594224.0,10.0,RISE
2019-07-15,2125.0,2135.0,2140.0,2125.0,5043.0,1797.0,0.0,-1797.0,0.0017,-594224.0,15.0,FALL
2019-07-12,2140.0,2150.0,2155.0,2135.0,3898.0,0.0,0.0,0.0,0.0017,-592427.0,10.0,FALL
2019-07-11,2150.0,2125.0,2160.0,2125.0,32385.0,0.0,0.0,0.0,0.0017,-592427.0,10.0,RISE
2019-07-10,2140.0,2130.0,2140.0,2130.0,1969.0,0.0,0.0,0.0,0.0017,-592427.0,5.0,FALL
2019-07-09,2145.0,2160.0,2160.0,2130.0,11722.0,,,,,,,
2019-07-08,2135.0,2120.0,2170.0,2115.0,34597.0,-28000.0,0.0,28000.0,0.0017,-592427.0,15.0,RISE
2019-07-05,2120.0,2105.0,2135.0,2105.0,28847.0,5146.0,0.0,-5146.0,0.0017,-620427.0,5.0,RISE
2019-07-04,2115.0,2120.0,2120.0,2105.0,6579.0,1498.0,0.0,-1498.0,0.0017,-615281.0,10.0,RISE
2019-07-03,2105.0,2115.0,2115.0,2100.0,1023.0,0.0,0.0,0.0,0.0017,-613783.0,5.0,RISE
2019-07-02,2100.0,2105.0,2105.0,2095.0,36477.0,-5000.0,0.0,5000.0,0.0017,-613783.0,10.0,FALL
2019-07-01,2110.0,2105.0,2110.0,2100.0,25107.0,3848.0,0.0,-3848.0,0.0017,-618783.0,10.0,RISE
2019-06-28,2100.0,2130.0,2130.0,2100.0,27091.0,281.0,0.0,-281.0,0.0017,-614935.0,10.0,FALL
2019-06-27,2110.0,2120.0,2130.0,2105.0,34741.0,-2000.0,0.0,2000.0,0.0,-614654.0,10.0,FALL
2019-06-26,2120.0,2125.0,2135.0,2105.0,48474.0,-10788.0,0.0,10788.0,0.0,-616654.0,5.0,RISE
2019-06-25,2115.0,2120.0,2120.0,2110.0,58411.0,-32464.0,0.0,32464.0,0.0,-627442.0,0.0,EVEN
2019-06-24,2115.0,2155.0,2155.0,2115.0,56512.0,-8231.0,0.0,8231.0,0.0,-659906.0,10.0,FALL
2019-06-21,2125.0,2135.0,2180.0,2120.0,262421.0,-17000.0,0.0,17000.0,0.0,-668137.0,20.0,FALL
2019-06-20,2145.0,2135.0,2230.0,2105.0,656848.0,-24634.0,0.0,24634.0,0.0,-685137.0,25.0,RISE
2019-06-19,2120.0,2280.0,2415.0,2110.0,1056991.0,-114854.0,0.0,114854.0,0.0,-709771.0,130.0,FALL
2019-06-18,2250.0,2165.0,2380.0,2140.0,5000321.0,295251.0,10000.0,-305251.0,0.0017,-824625.0,110.0,RISE
2019-06-17,2140.0,2130.0,2230.0,2130.0,100275.0,41997.0,0.0,-41997.0,0.0,-519374.0,5.0,RISE
2019-06-14,2135.0,2125.0,2150.0,2110.0,21853.0,-17700.0,0.0,17700.0,0.0,-477377.0,15.0,RISE
2019-06-13,2120.0,2120.0,2120.0,2115.0,12286.0,11800.0,0.0,-11800.0,0.0,-495077.0,0.0,EVEN
2019-06-12,2120.0,2120.0,2120.0,2115.0,1755.0,591.0,0.0,-591.0,0.0,-483277.0,0.0,EVEN
2019-06-11,2120.0,2130.0,2130.0,2115.0,20778.0,7649.0,0.0,-7649.0,0.0,-482686.0,0.0,EVEN
2019-06-10,2120.0,2120.0,2120.0,2115.0,26455.0,7183.0,0.0,-7183.0,0.0,-475037.0,0.0,EVEN
2019-06-07,2120.0,2125.0,2125.0,2120.0,502.0,500.0,0.0,-500.0,0.0,-467854.0,5.0,FALL
2019-06-05,2125.0,2105.0,2125.0,2100.0,18307.0,-3230.0,0.0,3230.0,0.0,-467354.0,20.0,RISE
2019-06-04,2105.0,2080.0,2120.0,2080.0,4261.0,3000.0,0.0,-3000.0,0.0,-470584.0,5.0,FALL
2019-06-03,2110.0,2090.0,2130.0,2085.0,10791.0,0.0,0.0,0.0,0.0,-467584.0,30.0,RISE
2019-05-31,2080.0,2080.0,2080.0,2080.0,4561.0,0.0,0.0,0.0,0.0,-467584.0,5.0,RISE
2019-05-30,2075.0,2075.0,2075.0,2075.0,101.0,0.0,0.0,0.0,0.0,-467584.0,5.0,FALL
2019-05-29,2080.0,2070.0,2080.0,2070.0,146896.0,,,,,,,
2019-05-28,2075.0,2070.0,2080.0,2070.0,102.0,,,,,,,
2019-05-27,2080.0,2075.0,2080.0,2070.0,24142.0,,,,,,,
2019-05-24,2075.0,2080.0,2080.0,2075.0,12974.0,-10919.0,0.0,10919.0,0.0,-467584.0,5.0,FALL
2019-05-23,2080.0,2075.0,2080.0,2075.0,12515.0,-8000.0,0.0,8000.0,0.0,-478503.0,30.0,FALL
2019-05-22,2110.0,2110.0,2110.0,2110.0,1.0,0.0,0.0,0.0,0.0,-486503.0,20.0,RISE
2019-05-21,2090.0,2085.0,2115.0,2085.0,3767.0,-914.0,0.0,914.0,0.0,-486503.0,25.0,FALL
2019-05-20,2115.0,2125.0,2125.0,2080.0,10364.0,-7960.0,0.0,7960.0,0.0,-487417.0,15.0,FALL
2019-05-17,2130.0,2130.0,2150.0,2085.0,34030.0,-25839.0,0.0,25839.0,0.0,-495377.0,25.0,RISE
2019-05-16,2105.0,2085.0,2110.0,2080.0,6381.0,-1114.0,0.0,1114.0,0.0,-521216.0,20.0,RISE
2019-05-15,2085.0,2060.0,2100.0,2060.0,54045.0,1620.0,0.0,-1620.0,0.0,-522330.0,0.0,EVEN
2019-05-14,2085.0,2095.0,2235.0,2080.0,456675.0,-39712.0,0.0,39712.0,0.0,-520710.0,15.0,FALL
2019-05-13,2100.0,2085.0,2115.0,2080.0,7333.0,0.0,0.0,0.0,0.0,-560422.0,15.0,RISE
2019-05-10,2085.0,2085.0,2090.0,2085.0,1600.0,0.0,0.0,0.0,0.0,-560422.0,5.0,RISE
2019-05-09,2080.0,2085.0,2085.0,2075.0,5035.0,0.0,0.0,0.0,0.0,-560422.0,5.0,FALL
2019-05-08,2085.0,2070.0,2085.0,2070.0,18325.0,-8318.0,0.0,8318.0,0.0,-560422.0,5.0,RISE
2019-05-07,2080.0,2065.0,2080.0,2065.0,2038.0,-1317.0,0.0,1317.0,0.0,-568740.0,15.0,RISE
2019-05-03,2065.0,2065.0,2065.0,2060.0,14600.0,11918.0,0.0,-11918.0,0.0,-570057.0,15.0,FALL
2019-05-02,2080.0,2065.0,2080.0,2065.0,20551.0,0.0,0.0,0.0,0.0,-558139.0,15.0,RISE
2019-04-30,2065.0,2060.0,2070.0,2060.0,1138.0,100.0,0.0,-100.0,0.0,-558139.0,5.0,RISE
2019-04-29,2060.0,2065.0,2065.0,2055.0,41544.0,30738.0,0.0,-30738.0,0.0,-558039.0,5.0,RISE
2019-04-26,2055.0,2055.0,2060.0,2050.0,38933.0,14713.0,0.0,-14713.0,0.0,-527301.0,0.0,EVEN
2019-04-25,2055.0,2045.0,2065.0,2045.0,601.0,200.0,0.0,-200.0,0.0,-512588.0,5.0,RISE
2019-04-24,2050.0,2055.0,2060.0,2050.0,30380.0,2000.0,0.0,-2000.0,0.0,-512388.0,10.0,FALL
2019-04-23,2060.0,2045.0,2060.0,2045.0,29063.0,-5667.0,0.0,5667.0,0.0,-510388.0,5.0,RISE
2019-04-22,2055.0,2070.0,2070.0,2055.0,100546.0,72511.0,0.0,-72511.0,0.0,-516055.0,5.0,FALL
2019-04-19,2060.0,2060.0,2070.0,2055.0,25993.0,25991.0,0.0,-25991.0,0.0,-443544.0,5.0,FALL
2019-04-18,2065.0,2070.0,2075.0,2065.0,87534.0,16634.0,0.0,-16634.0,0.0,-417553.0,5.0,FALL
2019-04-17,2070.0,2070.0,2070.0,2070.0,552.0,400.0,0.0,-400.0,0.0,-400919.0,20.0,FALL
2019-04-16,2090.0,2090.0,2090.0,2090.0,692.0,0.0,0.0,0.0,0.0,-400519.0,0.0,EVEN
2019-04-15,2090.0,2095.0,2095.0,2090.0,734.0,0.0,0.0,0.0,0.0,-400519.0,5.0,RISE
2019-04-12,2085.0,2090.0,2095.0,2085.0,14305.0,5726.0,0.0,-5726.0,0.0,-400519.0,10.0,RISE
2019-04-11,2075.0,2070.0,2075.0,2070.0,501.0,0.0,0.0,0.0,0.0,-394793.0,5.0,RISE
2019-04-10,2070.0,2070.0,2070.0,2070.0,0.0,0.0,0.0,0.0,0.0,-394793.0,0.0,EVEN
2019-04-09,,,,,,0.0,0.0,0.0,0.0,-394793.0,5.0,FALL
2019-04-08,2075.0,2080.0,2080.0,2060.0,9398.0,,,,,,,
2019-04-05,2080.0,2085.0,2085.0,2065.0,1934.0,0.0,0.0,0.0,0.0,-394793.0,20.0,RISE
2019-04-04,2060.0,2085.0,2085.0,2060.0,852.0,,,,,,,
2019-04-03,2060.0,2060.0,2060.0,2060.0,0.0,,,,,,,
2019-04-02,2060.0,2060.0,2080.0,2060.0,692.0,,,,,,,
2019-03-28,2060.0,2060.0,2060.0,2060.0,97.0,,,,,,,
2019-03-27,2055.0,2050.0,2055.0,2050.0,8133.0,84.0,0.0,-84.0,0.0,-394793.0,5.0,RISE
2019-03-26,2050.0,2040.0,2085.0,2040.0,563.0,0.0,0.0,0.0,0.0,-394709.0,5.0,FALL
2019-03-25,2055.0,2055.0,2055.0,2055.0,10.0,0.0,0.0,0.0,0.0,-394709.0,35.0,FALL
2019-03-22,2090.0,2055.0,2090.0,2055.0,5309.0,5308.0,0.0,-5308.0,0.0,-394709.0,5.0,RISE
2019-03-21,2085.0,2085.0,2085.0,2085.0,0.0,0.0,0.0,0.0,0.0,-389401.0,5.0,FALL
2019-03-20,2090.0,2090.0,2095.0,2090.0,8594.0,-2965.0,0.0,2965.0,0.0,-389401.0,0.0,EVEN
2019-03-19,2090.0,2080.0,2090.0,2050.0,178.0,0.0,0.0,0.0,0.0,-392366.0,10.0,RISE
2019-03-18,2080.0,2080.0,2080.0,2080.0,0.0,0.0,0.0,0.0,0.0,-392366.0,0.0,EVEN
2019-03-15,2080.0,2040.0,2085.0,2040.0,13676.0,-11130.0,0.0,11130.0,0.0,-392366.0,5.0,FALL
2019-03-14,2085.0,2040.0,2095.0,2040.0,30560.0,6138.0,0.0,-6138.0,0.0,-403496.0,35.0,RISE
2019-03-13,2050.0,2050.0,2060.0,2045.0,18385.0,-4320.0,0.0,4320.0,0.0,-397358.0,15.0,FALL
2019-03-12,2065.0,2050.0,2095.0,2050.0,36685.0,-12181.0,0.0,12181.0,0.0,-401678.0,5.0,FALL
2019-03-11,2070.0,2050.0,2130.0,2050.0,181278.0,-28522.0,0.0,28522.0,0.0,-413859.0,25.0,RISE
2019-03-08,2045.0,2040.0,2045.0,2040.0,1000.0,-500.0,0.0,500.0,0.0,-442381.0,5.0,RISE
2019-03-07,2040.0,2030.0,2050.0,2030.0,6515.0,1245.0,0.0,-1245.0,0.0,-442881.0,0.0,EVEN
2019-03-06,2040.0,2040.0,2055.0,2040.0,125911.0,-1955.0,0.0,1955.0,0.0,-441636.0,5.0,RISE
2019-03-05,2035.0,2040.0,2040.0,2030.0,1403.0,-300.0,0.0,300.0,0.0,-443591.0,5.0,RISE
2019-03-04,2030.0,2025.0,2040.0,2025.0,1775.0,162.0,0.0,-162.0,0.0,-443891.0,0.0,EVEN
2019-02-28,2030.0,2025.0,2040.0,2025.0,9357.0,-1922.0,0.0,1922.0,0.0,-443729.0,5.0,FALL
2019-02-27,2035.0,2040.0,2040.0,2030.0,1423.0,900.0,0.0,-900.0,0.0,-445651.0,5.0,FALL
2019-02-26,2040.0,2040.0,2040.0,2040.0,0.0,0.0,0.0,0.0,0.0,-444751.0,0.0,EVEN
2019-02-25,2040.0,2040.0,2040.0,2040.0,490.0,,,,,,,
2019-02-22,2040.0,2040.0,2040.0,2030.0,3109.0,,,,,,,
2019-02-21,2040.0,2040.0,2040.0,2040.0,1863.0,,,,,,,
2019-02-20,2040.0,2040.0,2040.0,2040.0,3760.0,,,,,,,
2019-02-19,2040.0,2040.0,2040.0,2030.0,8159.0,1049.0,81.0,-1130.0,0.0,-444751.0,0.0,EVEN
2019-02-18,2040.0,2040.0,2045.0,2040.0,2985.0,1325.0,0.0,-1325.0,0.0,-443621.0,0.0,EVEN
2019-02-15,2040.0,2040.0,2040.0,2040.0,25500.0,25500.0,0.0,-25500.0,0.0,-442296.0,0.0,EVEN
2019-02-14,2040.0,2040.0,2040.0,2040.0,120.0,0.0,0.0,0.0,0.0,-416796.0,0.0,EVEN
2019-02-13,2040.0,2040.0,2040.0,2040.0,15.0,,,,,,,
2019-02-12,2040.0,2040.0,2040.0,2040.0,1.0,,,,,,,
2019-02-08,2040.0,2040.0,2040.0,2025.0,9502.0,,,,,,,
2019-02-07,2040.0,2040.0,2040.0,2040.0,20.0,,,,,,,
2019-02-01,2040.0,2040.0,2055.0,2040.0,3002.0,0.0,0.0,0.0,0.0,-416796.0,5.0,FALL
2019-01-31,2045.0,2045.0,2045.0,2045.0,1000.0,0.0,0.0,0.0,0.0,-416796.0,10.0,FALL
2019-01-30,2055.0,2025.0,2055.0,2025.0,32791.0,0.0,0.0,0.0,0.0,-416796.0,20.0,RISE
2019-01-29,2035.0,2035.0,2045.0,2035.0,101.0,,,,,,,
2019-01-28,2045.0,2045.0,2045.0,2045.0,0.0,,,,,,,
2019-01-24,2050.0,2050.0,2050.0,2050.0,800.0,-800.0,0.0,800.0,0.0,-416796.0,20.0,RISE
2019-01-23,2030.0,2030.0,2030.0,2030.0,0.0,0.0,0.0,0.0,0.0,-417596.0,0.0,EVEN
2019-01-22,2030.0,2045.0,2045.0,2030.0,3617.0,0.0,0.0,0.0,0.0,-417596.0,15.0,FALL
2019-01-18,2045.0,2050.0,2050.0,2025.0,5502.0,0.0,0.0,0.0,0.0,-417596.0,15.0,RISE
2019-01-17,2030.0,2030.0,2050.0,2030.0,101.0,0.0,0.0,0.0,0.0,-417596.0,10.0,FALL
2019-01-16,2040.0,2035.0,2040.0,2035.0,2200.0,-2000.0,0.0,2000.0,0.0,-417596.0,10.0,RISE
2019-01-15,2030.0,2040.0,2040.0,2030.0,2152.0,0.0,0.0,0.0,0.0,-419596.0,10.0,FALL
2019-01-14,2040.0,2030.0,2040.0,2030.0,2.0,0.0,0.0,0.0,0.0,-419596.0,5.0,RISE
2019-01-11,2035.0,2035.0,2035.0,2035.0,4.0,0.0,0.0,0.0,0.0,-419596.0,15.0,FALL
2019-01-10,2050.0,2030.0,2050.0,2030.0,501.0,0.0,0.0,0.0,0.0,-419596.0,0.0,EVEN
2019-01-09,2050.0,2050.0,2055.0,2050.0,20330.0,10000.0,0.0,-10000.0,0.0,-419596.0,0.0,EVEN
2019-01-08,2050.0,2030.0,2060.0,2030.0,51458.0,29200.0,0.0,-29200.0,0.0,-409596.0,20.0,RISE
2019-01-07,,,,,,0.0,0.0,0.0,0.0,-380396.0,0.0,EVEN
2019-01-03,2030.0,2025.0,2030.0,2025.0,6397.0,453.0,0.0,-453.0,0.0,-380396.0,5.0,RISE
2019-01-02,2025.0,2025.0,2025.0,2025.0,10.0,0.0,0.0,0.0,0.0,-379943.0,20.0,FALL
2018-12-28,2045.0,2020.0,2045.0,2020.0,716.0,0.0,0.0,0.0,0.0,-379943.0,5.0,RISE
2018-12-27,,,,,,0.0,0.0,0.0,0.0,-379943.0,0.0,EVEN
2018-12-26,2040.0,2015.0,2040.0,2015.0,295.0,0.0,0.0,0.0,0.0,-379943.0,10.0,FALL
2018-12-24,2050.0,2030.0,2050.0,2000.0,28447.0,25000.0,0.0,-25000.0,0.0,-379943.0,0.0,EVEN
2018-12-21,2050.0,2030.0,2050.0,2025.0,801.0,705.0,0.0,-705.0,0.0,-354943.0,5.0,RISE
2018-12-20,2045.0,2035.0,2050.0,2025.0,11804.0,0.0,0.0,0.0,0.0,-354238.0,5.0,RISE
2018-12-19,2040.0,2040.0,2040.0,2040.0,18.0,0.0,0.0,0.0,0.0,-354238.0,0.0,EVEN
2018-12-17,2040.0,2035.0,2040.0,2035.0,6461.0,0.0,0.0,0.0,0.0,-354238.0,10.0,FALL
2018-12-14,,,,,,0.0,0.0,0.0,0.0,-354238.0,20.0,RISE
2018-12-12,2030.0,2055.0,2055.0,2030.0,2901.0,-1400.0,0.0,1400.0,0.0,-354238.0,25.0,FALL
2018-12-11,2055.0,2055.0,2060.0,2055.0,301.0,0.0,0.0,0.0,0.0,-355638.0,5.0,RISE
2018-12-10,2050.0,2040.0,2050.0,2035.0,6048.0,4529.0,0.0,-4529.0,0.0,-355638.0,10.0,RISE
2018-12-07,2040.0,2040.0,2040.0,2040.0,5355.0,-355.0,0.0,355.0,0.0,-351109.0,0.0,EVEN
2018-12-06,2040.0,2040.0,2040.0,2040.0,14800.0,-3000.0,0.0,3000.0,0.0,-351464.0,5.0,FALL
2018-12-05,2045.0,2045.0,2050.0,2040.0,8655.0,-2000.0,0.0,2000.0,0.0,-354464.0,5.0,FALL
2018-12-04,2050.0,2050.0,2050.0,2050.0,1049.0,-1049.0,0.0,1049.0,0.0,-356464.0,0.0,EVEN
2018-12-03,2050.0,2045.0,2050.0,2040.0,9240.0,-3508.0,0.0,3508.0,0.0,-357513.0,5.0,RISE
2018-11-30,2045.0,2040.0,2060.0,2040.0,10443.0,1950.0,0.0,-1950.0,0.0,-361021.0,0.0,EVEN
2018-11-29,2045.0,2045.0,2045.0,2045.0,1977.0,0.0,0.0,0.0,0.0,-359071.0,0.0,EVEN
2018-11-28,2045.0,2040.0,2045.0,2040.0,5652.0,-2372.0,0.0,2372.0,0.0,-359071.0,0.0,EVEN
2018-11-27,2045.0,2040.0,2045.0,2040.0,2150.0,0.0,0.0,0.0,0.0,-361443.0,5.0,RISE
2018-11-26,2040.0,2035.0,2040.0,2035.0,3530.0,0.0,0.0,0.0,0.0,-361443.0,0.0,EVEN
2018-11-23,2040.0,2045.0,2045.0,2040.0,3044.0,-2466.0,0.0,2466.0,0.0,-361443.0,0.0,EVEN
2018-11-22,2040.0,2040.0,2040.0,2040.0,7005.0,3505.0,0.0,-3505.0,0.0,-363909.0,0.0,EVEN
2018-11-21,2040.0,2040.0,2050.0,2040.0,82092.0,11092.0,0.0,-11092.0,0.0,-360404.0,10.0,FALL
2018-11-20,2050.0,2050.0,2060.0,2045.0,61378.0,13972.0,0.0,-13972.0,0.0,-349312.0,0.0,EVEN
2018-11-19,2050.0,2050.0,2050.0,2050.0,500.0,0.0,0.0,0.0,0.0,-335340.0,5.0,RISE
2018-11-16,2045.0,2045.0,2045.0,2045.0,2172.0,0.0,0.0,0.0,0.0,-335340.0,0.0,EVEN
2018-11-15,2045.0,2045.0,2045.0,2045.0,2253.0,,,,,,,
2018-11-14,2045.0,2045.0,2045.0,2045.0,2507.0,,,,,,,
2018-11-13,,,,,,-2122.0,0.0,2122.0,0.0,-335340.0,5.0,FALL
2018-11-12,2050.0,2045.0,2050.0,2045.0,505.0,0.0,0.0,0.0,0.0,-337462.0,10.0,FALL
2018-11-09,2060.0,2060.0,2060.0,2060.0,310.0,-300.0,0.0,300.0,0.0,-337462.0,0.0,EVEN
2018-11-08,2060.0,2060.0,2060.0,2060.0,400.0,-400.0,0.0,400.0,0.0,-337762.0,0.0,EVEN
2018-11-07,2060.0,2060.0,2060.0,2060.0,600.0,-600.0,0.0,600.0,0.0,-338162.0,0.0,EVEN
2018-11-06,,,,,,0.0,0.0,0.0,0.0,-338762.0,0.0,EVEN
2018-11-05,2060.0,2060.0,2060.0,2055.0,700.0,-700.0,0.0,700.0,0.0,-338762.0,0.0,EVEN
2018-11-02,2060.0,2060.0,2060.0,2040.0,4006.0,0.0,0.0,0.0,0.0,-339462.0,0.0,EVEN
2018-11-01,2060.0,2045.0,2060.0,2040.0,582.0,-342.0,0.0,342.0,0.0,-339462.0,15.0,RISE
2018-10-31,2045.0,2045.0,2045.0,2045.0,1195.0,0.0,0.0,0.0,0.0,-339804.0,5.0,FALL
2018-10-30,2050.0,2060.0,2060.0,2045.0,1955.0,0.0,0.0,0.0,0.0,-339804.0,10.0,FALL
2018-10-29,2060.0,2060.0,2065.0,2060.0,1658.0,-1657.0,157.0,1500.0,0.0,-339804.0,0.0,EVEN
2018-10-26,2060.0,2055.0,2060.0,2040.0,7470.0,-1500.0,0.0,1500.0,0.0,-341304.0,0.0,EVEN
2018-10-25,2060.0,2055.0,2060.0,2050.0,5230.0,-1600.0,0.0,1600.0,0.0,-342804.0,5.0,FALL
2018-10-24,2065.0,2050.0,2065.0,2050.0,1663.0,1061.0,0.0,-1061.0,0.0,-344404.0,10.0,RISE
2018-10-23,2055.0,2055.0,2055.0,2050.0,2400.0,100.0,0.0,-100.0,0.0,-343343.0,0.0,EVEN
2018-10-22,2055.0,2060.0,2060.0,2055.0,1500.0,1500.0,0.0,-1500.0,0.0,-343243.0,5.0,RISE
2018-10-19,2050.0,2050.0,2050.0,2050.0,1153.0,1000.0,0.0,-1000.0,0.0,-341743.0,5.0,FALL
2018-10-18,2055.0,2055.0,2055.0,2055.0,2000.0,1712.0,0.0,-1712.0,0.0,-340743.0,0.0,EVEN
2018-10-17,2055.0,2055.0,2055.0,2055.0,2003.0,1497.0,0.0,-1497.0,0.0,-339031.0,0.0,EVEN
2018-10-16,2055.0,2055.0,2055.0,2055.0,1000.0,1000.0,0.0,-1000.0,0.0,-337534.0,5.0,FALL
2018-10-15,2060.0,2060.0,2060.0,2060.0,2010.0,-1000.0,0.0,1000.0,0.0,-336534.0,0.0,EVEN
2018-10-12,2060.0,2060.0,2060.0,2050.0,12546.0,1501.0,0.0,-1501.0,0.0,-337534.0,10.0,RISE
2018-10-11,2050.0,2065.0,2065.0,2030.0,17052.0,-1546.0,0.0,1546.0,0.0,-336033.0,10.0,FALL
2018-10-10,2060.0,2065.0,2065.0,2045.0,13096.0,1603.0,0.0,-1603.0,0.0,-337579.0,0.0,EVEN
2018-10-08,2060.0,2060.0,2060.0,2060.0,1311.0,0.0,0.0,0.0,0.0,-335976.0,0.0,EVEN
2018-10-05,2060.0,2060.0,2060.0,2060.0,5930.0,2028.0,0.0,-2028.0,0.0,-335976.0,0.0,EVEN
2018-10-04,2060.0,2050.0,2060.0,2050.0,18005.0,790.0,0.0,-790.0,0.0,-333948.0,0.0,EVEN
2018-10-02,2060.0,2060.0,2060.0,2060.0,7549.0,1852.0,0.0,-1852.0,0.0,-333158.0,0.0,EVEN
2018-10-01,2060.0,2060.0,2060.0,2060.0,52000.0,51680.0,0.0,-51680.0,0.0,-331306.0,0.0,EVEN
2018-09-28,2060.0,2060.0,2075.0,2060.0,1633.0,29.0,0.0,-29.0,0.0,-279626.0,0.0,EVEN
2018-09-27,2060.0,2060.0,2060.0,2060.0,8953.0,2037.0,0.0,-2037.0,0.0,-279597.0,5.0,RISE
2018-09-21,2055.0,2055.0,2055.0,2055.0,18027.0,27.0,0.0,-27.0,0.0,-277560.0,0.0,EVEN
2018-09-20,2055.0,2070.0,2070.0,2055.0,5077.0,833.0,0.0,-833.0,0.0,-277533.0,15.0,FALL
2018-09-19,2070.0,2055.0,2075.0,2055.0,8910.0,28.0,0.0,-28.0,0.0,-276700.0,5.0,RISE
2018-09-18,2065.0,2055.0,2065.0,2055.0,4529.0,28.0,0.0,-28.0,0.0,-276672.0,5.0,FALL
2018-09-17,2070.0,2060.0,2070.0,2050.0,833.0,731.0,0.0,-731.0,0.0,-276644.0,5.0,FALL
2018-09-14,2075.0,2055.0,2080.0,2055.0,2540.0,328.0,0.0,-328.0,0.0,-275913.0,0.0,EVEN
2018-09-13,2075.0,2055.0,2075.0,2045.0,20516.0,848.0,0.0,-848.0,0.0,-275585.0,20.0,RISE
2018-09-12,2055.0,2055.0,2060.0,2055.0,3026.0,27.0,0.0,-27.0,0.0,-274737.0,10.0,FALL
2018-09-11,2065.0,2080.0,2080.0,2050.0,1055.0,725.0,0.0,-725.0,0.0,-274710.0,25.0,RISE
2018-09-10,2040.0,2045.0,2050.0,2040.0,44628.0,44528.0,0.0,-44528.0,0.0,-273985.0,20.0,FALL
2018-09-07,2060.0,2045.0,2060.0,2045.0,879.0,828.0,0.0,-828.0,0.0,-229457.0,0.0,EVEN
2018-09-06,2060.0,2045.0,2060.0,2045.0,9484.0,2123.0,0.0,-2123.0,0.0,-228629.0,10.0,RISE
2018-09-05,2050.0,2050.0,2065.0,2050.0,5080.0,728.0,0.0,-728.0,0.0,-226506.0,10.0,FALL
2018-09-04,2060.0,2045.0,2090.0,2045.0,22270.0,1140.0,0.0,-1140.0,0.0,-225778.0,15.0,RISE
2018-09-03,2045.0,2055.0,2060.0,2040.0,921.0,418.0,0.0,-418.0,0.0,-224638.0,10.0,FALL
2018-08-31,2055.0,2050.0,2055.0,2045.0,3029.0,-151.0,0.0,151.0,0.0,-224220.0,0.0,EVEN
2018-08-30,2055.0,2055.0,2055.0,2055.0,50.0,0.0,0.0,0.0,0.0,-224371.0,5.0,RISE
2018-08-29,2050.0,2050.0,2050.0,2050.0,100.0,-80.0,0.0,80.0,0.0,-224371.0,0.0,EVEN
2018-08-28,2050.0,2045.0,2050.0,2045.0,2000.0,1379.0,0.0,-1379.0,0.0,-224451.0,5.0,RISE
2018-08-27,2045.0,2045.0,2045.0,2045.0,1404.0,904.0,0.0,-904.0,0.0,-223072.0,5.0,RISE
2018-08-24,2040.0,2040.0,2040.0,2040.0,299.0,-54.0,0.0,54.0,0.0,-222168.0,0.0,EVEN
2018-08-23,,,,,,0.0,0.0,0.0,0.0,-222222.0,0.0,EVEN
2018-08-22,,,,,,0.0,0.0,0.0,0.0,-222222.0,10.0,FALL
2018-08-21,2050.0,2060.0,2060.0,2045.0,1421.0,-1397.0,0.0,1397.0,0.0,-222222.0,10.0,FALL
2018-08-20,,,,,,0.0,0.0,0.0,0.0,-223619.0,25.0,RISE
2018-08-17,2035.0,2050.0,2050.0,2035.0,3828.0,-3800.0,0.0,3800.0,0.0,-223619.0,10.0,FALL
2018-08-16,2045.0,2045.0,2045.0,2045.0,8299.0,0.0,0.0,0.0,0.0,-227419.0,15.0,FALL
2018-08-14,2060.0,2050.0,2060.0,2035.0,15520.0,-14000.0,0.0,14000.0,0.0,-227419.0,20.0,RISE
2018-08-13,2040.0,2040.0,2040.0,2035.0,2447.0,-800.0,0.0,800.0,0.0,-241419.0,0.0,EVEN
2018-08-10,2040.0,2040.0,2040.0,2040.0,5545.0,0.0,0.0,0.0,0.0,-242219.0,20.0,FALL
2018-08-09,2060.0,2060.0,2060.0,2060.0,829.0,-827.0,0.0,827.0,0.0,-242219.0,0.0,EVEN
2018-08-08,2060.0,2060.0,2060.0,2060.0,50.0,0.0,0.0,0.0,0.0,-243046.0,20.0,RISE
2018-08-07,2040.0,2035.0,2040.0,2035.0,201.0,1.0,0.0,-1.0,0.0,-243046.0,25.0,FALL
2018-08-06,2065.0,2035.0,2065.0,2035.0,801.0,800.0,0.0,-800.0,0.0,-243045.0,10.0,RISE
2018-08-03,2055.0,2035.0,2055.0,2035.0,37.0,29.0,0.0,-29.0,0.0,-242245.0,10.0,FALL
2018-08-02,2065.0,2040.0,2065.0,2035.0,808.0,807.0,0.0,-807.0,0.0,-242216.0,0.0,EVEN
2018-08-01,2065.0,2035.0,2065.0,2035.0,1110.0,1109.0,0.0,-1109.0,0.0,-241409.0,5.0,RISE
2018-07-31,2060.0,2030.0,2060.0,2030.0,11.0,-9.0,0.0,9.0,0.0,-240300.0,5.0,FALL
2018-07-30,2065.0,2035.0,2065.0,2035.0,2.0,1.0,0.0,-1.0,0.0,-240309.0,0.0,EVEN
2018-07-27,2065.0,2070.0,2070.0,2035.0,1631.0,1228.0,0.0,-1228.0,0.0,-240308.0,30.0,RISE
2018-07-26,2035.0,2035.0,2040.0,2035.0,1650.0,1500.0,0.0,-1500.0,0.0,-239080.0,0.0,EVEN
2018-07-25,2035.0,2040.0,2070.0,2025.0,51132.0,47612.0,0.0,-47612.0,0.0,-237580.0,5.0,FALL
2018-07-24,2040.0,2040.0,2040.0,2040.0,2087.0,913.0,0.0,-913.0,0.0,-189968.0,5.0,FALL
2018-07-23,2045.0,2045.0,2045.0,2040.0,1071.0,474.0,0.0,-474.0,0.0,-189055.0,0.0,EVEN
2018-07-20,2045.0,2040.0,2045.0,2035.0,10409.0,-877.0,0.0,877.0,0.0,-188581.0,5.0,RISE
2018-07-19,2040.0,2060.0,2060.0,2040.0,4820.0,-3859.0,0.0,3859.0,0.0,-189458.0,0.0,EVEN
2018-07-18,2040.0,2040.0,2040.0,2035.0,1630.0,900.0,0.0,-900.0,0.0,-193317.0,20.0,FALL
2018-07-17,2060.0,2035.0,2065.0,2035.0,2348.0,326.0,0.0,-326.0,0.0,-192417.0,5.0,RISE
2018-07-16,2055.0,2040.0,2060.0,2035.0,961.0,959.0,0.0,-959.0,0.0,-192091.0,10.0,FALL
2018-07-13,2065.0,2045.0,2065.0,2045.0,4127.0,-1758.0,0.0,1758.0,0.0,-191132.0,0.0,EVEN
2018-07-12,2065.0,2065.0,2065.0,2035.0,82.0,-28.0,0.0,28.0,0.0,-192890.0,15.0,RISE
2018-07-11,2050.0,2040.0,2050.0,2030.0,1615.0,-298.0,0.0,298.0,0.0,-192918.0,5.0,RISE
2018-07-10,2045.0,2035.0,2045.0,2035.0,1738.0,1151.0,0.0,-1151.0,0.0,-193216.0,10.0,RISE
2018-07-09,2035.0,2045.0,2050.0,2030.0,9327.0,-5902.0,0.0,5902.0,0.0,-192065.0,10.0,FALL
2018-07-06,2045.0,2045.0,2045.0,2040.0,3973.0,45.0,0.0,-45.0,0.0,-197967.0,10.0,RISE
2018-07-05,2035.0,2025.0,2035.0,2025.0,1386.0,1385.0,0.0,-1385.0,0.0,-197922.0,10.0,RISE
2018-07-04,2025.0,2025.0,2025.0,2025.0,100.0,0.0,0.0,0.0,0.0,-196537.0,15.0,FALL
2018-07-03,2040.0,2040.0,2040.0,2025.0,4152.0,0.0,0.0,0.0,0.0,-196537.0,0.0,EVEN
2018-07-02,2040.0,2035.0,2040.0,2035.0,4863.0,0.0,0.0,0.0,0.0,-196537.0,20.0,RISE
2018-06-29,2020.0,2035.0,2035.0,2020.0,415.0,,,,,,,
2018-06-28,2035.0,2025.0,2035.0,2025.0,2.0,,,,,,,
2018-06-27,2035.0,2020.0,2035.0,2020.0,6233.0,-700.0,0.0,700.0,0.0,-196537.0,15.0,RISE
2018-06-26,2020.0,2015.0,2020.0,2010.0,10798.0,0.0,0.0,0.0,0.0,-197237.0,0.0,EVEN
2018-06-25,2020.0,2025.0,2025.0,2015.0,229.0,-28.0,0.0,28.0,0.0,-197237.0,5.0,RISE
2018-06-22,2015.0,2015.0,2015.0,2015.0,1002.0,0.0,0.0,0.0,0.0,-197265.0,5.0,FALL
2018-06-21,2020.0,2025.0,2025.0,2020.0,1207.0,0.0,0.0,0.0,0.0,-197265.0,5.0,RISE
2018-06-20,2015.0,2015.0,2025.0,2015.0,5962.0,300.0,0.0,-300.0,0.0,-197265.0,0.0,EVEN
2018-06-19,2015.0,2015.0,2015.0,2015.0,469.0,28.0,0.0,-28.0,0.0,-196965.0,5.0,FALL
2018-06-18,2020.0,2020.0,2025.0,2015.0,8766.0,-2772.0,0.0,2772.0,0.0,-196937.0,5.0,FALL
2018-06-15,2025.0,2015.0,2025.0,2015.0,6911.0,1100.0,0.0,-1100.0,0.0,-199709.0,10.0,RISE
2018-06-14,2015.0,2025.0,2025.0,2015.0,10083.0,-3556.0,0.0,3556.0,0.0,-198609.0,0.0,EVEN
2018-06-12,2015.0,2020.0,2020.0,2005.0,27797.0,-195.0,0.0,195.0,0.0,-202165.0,0.0,EVEN
2018-06-11,2015.0,2020.0,2020.0,2015.0,2285.0,988.0,0.0,-988.0,0.0,-202360.0,25.0,FALL
2018-06-08,2040.0,2040.0,2040.0,2040.0,248.0,0.0,0.0,0.0,0.0,-201372.0,0.0,EVEN
2018-06-07,2040.0,2015.0,2040.0,2015.0,1270.0,1.0,0.0,-1.0,0.0,-201372.0,10.0,FALL
2018-06-05,2050.0,2025.0,2050.0,2025.0,1373.0,723.0,0.0,-723.0,0.0,-201371.0,20.0,RISE
2018-06-04,2030.0,2025.0,2030.0,2025.0,4458.0,-365.0,0.0,365.0,0.0,-200648.0,10.0,RISE
2018-06-01,2020.0,2010.0,2020.0,2010.0,6941.0,3473.0,0.0,-3473.0,0.0,-201013.0,0.0,EVEN
2018-05-31,2020.0,2010.0,2025.0,2010.0,3739.0,-1128.0,0.0,1128.0,0.0,-197540.0,5.0,RISE
2018-05-30,2015.0,2020.0,2020.0,2010.0,5810.0,3471.0,0.0,-3471.0,0.0,-198668.0,5.0,FALL
2018-05-29,2020.0,2030.0,2030.0,2010.0,3093.0,-780.0,0.0,780.0,0.0,-195197.0,5.0,RISE
2018-05-28,2015.0,2020.0,2020.0,2005.0,3161.0,358.0,0.0,-358.0,0.0,-195977.0,10.0,RISE
2018-05-25,2005.0,2010.0,2065.0,2000.0,29706.0,2289.0,0.0,-2289.0,0.0,-195619.0,5.0,FALL
2018-05-24,2010.0,2010.0,2010.0,2000.0,2688.0,1370.0,0.0,-1370.0,0.0,-193330.0,0.0,EVEN
2018-05-23,2010.0,2010.0,2010.0,2010.0,88.0,-28.0,0.0,28.0,0.0,-191960.0,10.0,RISE
2018-05-21,2000.0,2000.0,2005.0,2000.0,7051.0,1991.0,0.0,-1991.0,0.0,-191988.0,0.0,EVEN
2018-05-18,2000.0,2000.0,2005.0,1995.0,3533.0,1472.0,0.0,-1472.0,0.0,-189997.0,5.0,FALL
2018-05-17,2005.0,1990.0,2005.0,1990.0,759.0,701.0,0.0,-701.0,0.0,-188525.0,5.0,RISE
2018-05-16,2000.0,2000.0,2000.0,1990.0,2729.0,-28.0,0.0,28.0,0.0,-187824.0,0.0,EVEN
2018-05-15,2000.0,1995.0,2005.0,1995.0,1692.0,830.0,0.0,-830.0,0.0,-187852.0,0.0,EVEN
2018-05-14,2000.0,1995.0,2000.0,1995.0,1198.0,860.0,0.0,-860.0,0.0,-187022.0,0.0,EVEN
2018-05-11,2000.0,1995.0,2000.0,1995.0,44082.0,34115.0,0.0,-34115.0,0.0,-186162.0,5.0,RISE
2018-05-10,1995.0,1995.0,2000.0,1995.0,710.0,551.0,0.0,-551.0,0.0,-152047.0,0.0,EVEN
2018-05-09,1995.0,1995.0,2000.0,1995.0,2599.0,-29.0,0.0,29.0,0.0,-151496.0,0.0,EVEN
2018-05-08,1995.0,1995.0,2000.0,1995.0,973.0,-29.0,0.0,29.0,0.0,-151525.0,0.0,EVEN
2018-05-04,1995.0,2000.0,2000.0,1990.0,7182.0,1154.0,0.0,-1154.0,0.0,-151554.0,5.0,FALL
2018-05-03,2000.0,1990.0,2000.0,1990.0,812.0,423.0,0.0,-423.0,0.0,-150400.0,5.0,RISE
2018-05-02,1995.0,1990.0,1995.0,1990.0,1827.0,658.0,0.0,-658.0,0.0,-149977.0,0.0,EVEN
2018-04-30,1995.0,1990.0,1995.0,1985.0,12734.0,2452.0,0.0,-2452.0,0.0,-149319.0,0.0,EVEN
2018-04-27,1995.0,1995.0,1995.0,1990.0,2105.0,915.0,0.0,-915.0,0.0,-146867.0,0.0,EVEN
2018-04-26,1995.0,1990.0,1995.0,1985.0,50205.0,49615.0,0.0,-49615.0,0.0,-145952.0,5.0,RISE
2018-04-25,1990.0,1990.0,1995.0,1990.0,18212.0,844.0,0.0,-844.0,0.0,-96337.0,5.0,FALL
2018-04-24,1995.0,1990.0,2000.0,1985.0,12140.0,922.0,0.0,-922.0,0.0,-95493.0,5.0,RISE
2018-04-23,1990.0,1990.0,2000.0,1985.0,15225.0,1964.0,0.0,-1964.0,0.0,-94571.0,5.0,FALL
2018-04-20,1995.0,2000.0,2000.0,1995.0,3138.0,935.0,0.0,-935.0,0.0,-92607.0,5.0,FALL
2018-04-19,2000.0,1995.0,2000.0,1995.0,2795.0,2520.0,0.0,-2520.0,0.0,-91672.0,5.0,RISE
2018-04-18,1995.0,1995.0,2005.0,1995.0,8095.0,4379.0,0.0,-4379.0,0.0,-89152.0,5.0,FALL
2018-04-17,2000.0,1995.0,2000.0,1995.0,10114.0,7235.0,0.0,-7235.0,0.0,-84773.0,5.0,RISE
2018-04-16,1995.0,1995.0,2010.0,1995.0,21675.0,8362.0,0.0,-8362.0,0.0,-77538.0,5.0,FALL
2018-04-13,2000.0,2000.0,2005.0,2000.0,12498.0,-2897.0,0.0,2897.0,0.0,-69176.0,0.0,EVEN
2018-04-12,2000.0,2000.0,2000.0,1995.0,13486.0,2738.0,0.0,-2738.0,0.0,-72073.0,0.0,EVEN
2018-04-11,2000.0,1995.0,2010.0,1990.0,27991.0,17547.0,0.0,-17547.0,0.0,-69335.0,0.0,EVEN
2018-04-10,2000.0,1995.0,2010.0,1995.0,8323.0,602.0,0.0,-602.0,0.0,-51788.0,0.0,EVEN
2018-04-09,2000.0,2010.0,2010.0,1995.0,1517.0,614.0,0.0,-614.0,0.0,-51186.0,10.0,FALL
2018-04-06,2010.0,1995.0,2010.0,1995.0,3612.0,924.0,0.0,-924.0,0.0,-50572.0,5.0,RISE
2018-04-05,2005.0,2010.0,2010.0,1995.0,3767.0,-1400.0,0.0,1400.0,0.0,-49648.0,5.0,FALL
2018-04-04,2010.0,2030.0,2030.0,2000.0,3149.0,655.0,0.0,-655.0,0.0,-51048.0,10.0,RISE
2018-04-03,2000.0,2000.0,2025.0,1995.0,19162.0,5761.0,0.0,-5761.0,0.0,-50393.0,0.0,EVEN
2018-04-02,2000.0,1995.0,2010.0,1995.0,8783.0,1591.0,0.0,-1591.0,0.0,-44632.0,0.0,EVEN
2018-03-30,2000.0,2010.0,2010.0,2000.0,11889.0,0.0,0.0,0.0,0.0,-43041.0,5.0,FALL
2018-03-29,2005.0,2020.0,2020.0,1995.0,6846.0,-35.0,0.0,35.0,0.0,-43041.0,5.0,RISE
2018-03-28,2000.0,2020.0,2020.0,2000.0,31365.0,-8779.0,0.0,8779.0,0.0,-43076.0,0.0,EVEN
2018-03-27,2000.0,2005.0,2035.0,2000.0,12879.0,-2495.0,0.0,2495.0,0.0,-51855.0,10.0,FALL
2018-03-26,2010.0,2000.0,2015.0,1990.0,8745.0,-2937.0,0.0,2937.0,0.0,-54350.0,10.0,RISE
2018-03-23,2000.0,2000.0,2010.0,1990.0,74489.0,-32900.0,0.0,32900.0,0.0,-57287.0,0.0,EVEN
2018-03-22,2000.0,2025.0,2025.0,2000.0,33179.0,-100.0,0.0,100.0,0.0,-90187.0,0.0,EVEN
2018-03-21,2000.0,2025.0,2025.0,2000.0,81401.0,-12500.0,0.0,12500.0,0.0,-90287.0,15.0,FALL
2018-03-20,2015.0,2030.0,2055.0,2005.0,136318.0,67298.0,0.0,-67298.0,0.0,-102787.0,40.0,FALL
2018-03-19,2055.0,2050.0,2080.0,2015.0,212826.0,-3512.0,-198.0,3710.0,0.0,-35489.0,5.0,FALL
2018-03-16,2060.0,1995.0,2400.0,1995.0,1096512.0,150531.0,198.0,-150729.0,0.0,-39199.0,65.0,RISE
2018-03-15,1995.0,2000.0,2000.0,1990.0,1589.0,689.0,0.0,-689.0,0.0,111530.0,5.0,FALL
2018-03-14,2000.0,1995.0,2000.0,1995.0,269.0,106.0,0.0,-106.0,0.0,112219.0,0.0,EVEN
2018-03-13,2000.0,1995.0,2000.0,1995.0,7200.0,4951.0,0.0,-4951.0,0.0,112325.0,0.0,EVEN
2018-03-12,2000.0,2000.0,2005.0,1995.0,12274.0,7514.0,0.0,-7514.0,0.0,117276.0,0.0,EVEN
2018-03-09,2000.0,2000.0,2000.0,2000.0,11651.0,3352.0,0.0,-3352.0,0.0,124790.0,5.0,RISE
2018-03-08,1995.0,1995.0,2000.0,1995.0,5292.0,2502.0,0.0,-2502.0,0.0,128142.0,5.0,FALL
2018-03-07,2000.0,2000.0,2000.0,1995.0,2265.0,398.0,0.0,-398.0,0.0,130644.0,0.0,EVEN
2018-03-06,2000.0,2000.0,2000.0,1995.0,7020.0,2018.0,0.0,-2018.0,0.0,131042.0,5.0,RISE
2018-03-05,1995.0,2000.0,2000.0,1995.0,5365.0,1000.0,0.0,-1000.0,0.0,133060.0,5.0,FALL
2018-03-02,2000.0,1990.0,2000.0,1990.0,1970.0,180.0,0.0,-180.0,0.0,134060.0,5.0,RISE
2018-02-28,1995.0,1995.0,2000.0,1995.0,637.0,635.0,0.0,-635.0,0.0,134240.0,0.0,EVEN
2018-02-27,1995.0,2000.0,2000.0,1995.0,134.0,134.0,0.0,-134.0,0.0,134875.0,5.0,RISE
2018-02-26,1990.0,1990.0,1990.0,1990.0,2.0,0.0,0.0,0.0,0.0,135009.0,0.0,EVEN
2018-02-23,1990.0,1995.0,2010.0,1990.0,26806.0,-10798.0,0.0,10798.0,0.0,135009.0,5.0,FALL
2018-02-22,1995.0,1995.0,1995.0,1995.0,5775.0,-3494.0,0.0,3494.0,0.0,124211.0,5.0,RISE
2018-02-21,1990.0,2000.0,2000.0,1990.0,2004.0,1853.0,0.0,-1853.0,0.0,120717.0,0.0,EVEN
2018-02-20,1990.0,1995.0,1995.0,1985.0,9998.0,501.0,0.0,-501.0,0.0,122570.0,5.0,FALL
2018-02-19,1995.0,1990.0,2000.0,1985.0,13013.0,-6004.0,0.0,6004.0,0.0,123071.0,0.0,EVEN
2018-02-14,1995.0,2000.0,2000.0,1995.0,4122.0,1932.0,-3500.0,1568.0,0.0,117067.0,5.0,FALL
2018-02-13,2000.0,1995.0,2000.0,1995.0,10082.0,3683.0,0.0,-3683.0,0.0006,115499.0,5.0,RISE
2018-02-12,1995.0,1995.0,2000.0,1995.0,15224.0,-11147.0,0.0,11147.0,0.0006,119182.0,0.0,EVEN
2018-02-09,1995.0,1995.0,1995.0,1995.0,2302.0,-2302.0,0.0,2302.0,0.0006,108035.0,0.0,EVEN
2018-02-08,1995.0,1995.0,1995.0,1990.0,102.0,0.0,0.0,0.0,0.0006,105733.0,0.0,EVEN
2018-02-07,1995.0,1995.0,1995.0,1995.0,9261.0,-2954.0,0.0,2954.0,0.0006,105733.0,0.0,EVEN
2018-02-06,1995.0,1980.0,1995.0,1980.0,8.0,0.0,0.0,0.0,0.0006,102779.0,5.0,RISE
2018-02-05,1990.0,1990.0,2000.0,1990.0,16504.0,3000.0,0.0,-3000.0,0.0006,102779.0,10.0,FALL
2018-02-02,2000.0,2000.0,2000.0,2000.0,2110.0,-2100.0,0.0,2100.0,0.0006,105779.0,0.0,EVEN
2018-02-01,2000.0,2000.0,2000.0,1990.0,5085.0,2001.0,0.0,-2001.0,0.0006,103679.0,0.0,EVEN
2018-01-31,2000.0,2000.0,2000.0,1995.0,3130.0,-1970.0,0.0,1970.0,0.0006,105680.0,5.0,RISE
2018-01-30,1995.0,2000.0,2000.0,1995.0,8405.0,-7086.0,0.0,7086.0,0.0006,103710.0,5.0,FALL
2018-01-29,2000.0,2000.0,2000.0,1980.0,16515.0,-10858.0,0.0,10858.0,0.0006,96624.0,5.0,FALL
2018-01-26,2005.0,1995.0,2005.0,1995.0,13822.0,-11674.0,0.0,11674.0,0.0006,85766.0,10.0,RISE
2018-01-25,1995.0,1970.0,1995.0,1970.0,12826.0,-11476.0,0.0,11476.0,0.0006,74092.0,0.0,EVEN
2018-01-24,1995.0,2000.0,2000.0,1995.0,6816.0,-4006.0,0.0,4006.0,0.0006,62616.0,0.0,EVEN
2018-01-23,1995.0,1995.0,1995.0,1970.0,6296.0,-3997.0,0.0,3997.0,0.0006,58610.0,0.0,EVEN
2018-01-22,1995.0,1970.0,2000.0,1970.0,5528.0,-4061.0,0.0,4061.0,0.0006,54613.0,5.0,RISE
2018-01-19,1990.0,1990.0,2000.0,1985.0,12965.0,-832.0,0.0,832.0,0.0006,50552.0,5.0,RISE
2018-01-18,1985.0,1970.0,1990.0,1970.0,11115.0,2447.0,0.0,-2447.0,0.0006,49720.0,5.0,FALL
2018-01-17,1990.0,1985.0,1995.0,1985.0,17755.0,-8359.0,0.0,8359.0,0.0006,52167.0,0.0,EVEN
2018-01-16,1990.0,1985.0,1990.0,1980.0,7150.0,-5668.0,0.0,5668.0,0.0006,43808.0,5.0,RISE
2018-01-15,1985.0,1970.0,1990.0,1970.0,1232.0,977.0,0.0,-977.0,0.0006,38140.0,5.0,FALL
2018-01-12,1990.0,1990.0,1990.0,1980.0,1511.0,-1100.0,0.0,1100.0,0.0006,39117.0,0.0,EVEN
2018-01-11,1990.0,1980.0,1990.0,1980.0,1648.0,244.0,0.0,-244.0,0.0006,38017.0,0.0,EVEN
2018-01-10,1990.0,1990.0,1990.0,1980.0,3072.0,-1373.0,0.0,1373.0,0.0006,38261.0,10.0,RISE
2018-01-09,1980.0,1985.0,1985.0,1970.0,4756.0,-2767.0,0.0,2767.0,0.0006,36888.0,5.0,FALL
2018-01-08,1985.0,1975.0,1990.0,1975.0,1272.0,-31.0,0.0,31.0,0.0006,34121.0,0.0,EVEN
2018-01-05,1985.0,1975.0,1985.0,1975.0,3414.0,-975.0,0.0,975.0,0.0006,34090.0,10.0,RISE
2018-01-04,1975.0,1975.0,1980.0,1965.0,2524.0,979.0,0.0,-979.0,0.0006,33115.0,10.0,FALL
2018-01-03,1985.0,1985.0,1985.0,1985.0,2101.0,0.0,0.0,0.0,0.0006,34094.0,15.0,RISE
2018-01-02,1970.0,1960.0,1975.0,1960.0,819.0,276.0,0.0,-276.0,0.0006,34094.0,15.0,FALL
2017-12-28,1985.0,1965.0,1985.0,1965.0,1047.0,-1001.0,0.0,1001.0,0.0,34370.0,0.0,EVEN
2017-12-27,1985.0,1985.0,1985.0,1985.0,1007.0,0.0,0.0,0.0,0.0006,33369.0,0.0,EVEN
2017-12-26,1985.0,1985.0,1985.0,1985.0,1.0,0.0,0.0,0.0,0.0006,33369.0,15.0,RISE
2017-12-22,1970.0,1995.0,1995.0,1960.0,7441.0,7155.0,0.0,-7155.0,0.0,33369.0,0.0,EVEN
2017-12-21,1970.0,1965.0,1985.0,1965.0,2139.0,517.0,0.0,-517.0,0.0006,40524.0,20.0,FALL
2017-12-20,1990.0,1990.0,1990.0,1960.0,9801.0,-7700.0,0.0,7700.0,0.0,41041.0,0.0,EVEN
2017-12-19,1990.0,1990.0,1990.0,1990.0,4705.0,-4700.0,0.0,4700.0,0.0006,33341.0,0.0,EVEN
2017-12-18,1990.0,1965.0,1990.0,1965.0,1002.0,1000.0,0.0,-1000.0,0.0006,28641.0,0.0,EVEN
2017-12-15,1990.0,1990.0,1990.0,1980.0,9060.0,-6000.0,0.0,6000.0,0.0006,29641.0,0.0,EVEN
2017-12-14,1990.0,1990.0,1990.0,1980.0,10531.0,-5503.0,0.0,5503.0,0.0006,23641.0,0.0,EVEN
2017-12-13,1990.0,1975.0,1995.0,1975.0,14394.0,-5293.0,0.0,5293.0,0.0006,18138.0,0.0,EVEN
2017-12-12,1990.0,1980.0,1990.0,1980.0,14460.0,-11050.0,0.0,11050.0,0.0006,12845.0,5.0,RISE
2017-12-11,1985.0,1985.0,1985.0,1970.0,1847.0,-1795.0,0.0,1795.0,0.0006,1795.0,15.0,RISE
2017-12-08,1970.0,1970.0,1980.0,1970.0,21045.0,-10787.0,0.0,10787.0,0.0006,10787.0,15.0,FALL
2017-12-07,1985.0,1980.0,1990.0,1965.0,12724.0,1999.0,0.0,-1999.0,0.0006,-1999.0,0.0,EVEN
2017-12-06,1985.0,1980.0,1985.0,1980.0,13708.0,-8108.0,0.0,8108.0,0.0006,8108.0,0.0,EVEN
2017-12-05,1985.0,1980.0,1985.0,1965.0,12845.0,2663.0,0.0,-2663.0,0.0006,-2663.0,0.0,EVEN
2017-12-04,1985.0,1980.0,1985.0,1970.0,2043.0,-1827.0,0.0,1827.0,0.0006,1827.0,5.0,RISE
2017-12-01,1980.0,1975.0,1980.0,1970.0,9163.0,-5255.0,0.0,5255.0,0.0006,5255.0,15.0,RISE
2017-11-30,1965.0,1980.0,1980.0,1950.0,92669.0,55868.0,0.0,-55868.0,0.0006,-55868.0,25.0,FALL
2017-11-29,1990.0,1990.0,1990.0,1975.0,33367.0,-19674.0,0.0,19674.0,0.0006,19674.0,0.0,EVEN
2017-11-28,1990.0,1985.0,1990.0,1985.0,6368.0,616.0,0.0,-616.0,0.0006,-616.0,0.0,EVEN
2017-11-27,1990.0,1990.0,1990.0,1990.0,16904.0,-16778.0,0.0,16778.0,0.0006,16778.0,0.0,EVEN
2017-11-24,1990.0,1995.0,1995.0,1985.0,8616.0,-8077.0,0.0,8077.0,0.0006,8077.0,5.0,FALL
2017-11-23,1995.0,1990.0,1995.0,1990.0,28710.0,-28610.0,0.0,28610.0,0.0006,28610.0,5.0,RISE
2017-11-22,1990.0,1985.0,1990.0,1980.0,6083.0,-4655.0,0.0,4655.0,0.0006,4655.0,0.0,EVEN
2017-11-21,1990.0,1985.0,1990.0,1975.0,17931.0,-247.0,0.0,247.0,0.0006,247.0,0.0,EVEN
2017-11-20,1990.0,1985.0,1990.0,1985.0,10035.0,-4263.0,0.0,4263.0,0.0006,4263.0,5.0,FALL
2017-11-17,1995.0,1990.0,1995.0,1990.0,1256.0,0.0,0.0,0.0,0.0006,-10000.0,0.0,EVEN
2017-11-16,1995.0,1995.0,1995.0,1990.0,22294.0,-10000.0,0.0,10000.0,0.0006,10000.0,0.0,EVEN
2017-11-15,1995.0,2000.0,2000.0,1990.0,6550.0,0.0,0.0,0.0,0.0006,223.0,0.0,EVEN
2017-11-14,1995.0,1995.0,2000.0,1995.0,20317.0,223.0,0.0,-223.0,0.0006,-223.0,5.0,FALL
2017-11-13,2000.0,1995.0,2000.0,1995.0,40541.0,24315.0,0.0,-24315.0,0.0006,-24315.0,10.0,RISE
2017-11-10,1990.0,1990.0,1995.0,1985.0,14743.0,1037.0,0.0,-1037.0,0.0006,-1037.0,0.0,EVEN
2017-11-09,1990.0,1990.0,2000.0,1990.0,9092.0,0.0,0.0,0.0,0.0006,43.0,5.0,FALL
2017-11-08,1995.0,1990.0,1995.0,1990.0,1258.0,43.0,0.0,-43.0,0.0006,-43.0,0.0,EVEN
2017-11-07,1995.0,1990.0,1995.0,1990.0,4274.0,1332.0,0.0,-1332.0,0.0,-1332.0,5.0,RISE
2017-11-06,1990.0,1995.0,1995.0,1990.0,9816.0,0.0,0.0,0.0,0.0,3090.0,5.0,FALL
2017-11-03,1995.0,1995.0,2000.0,1990.0,28816.0,3090.0,0.0,-3090.0,0.0,-3090.0,5.0,FALL
2017-11-02,2000.0,1995.0,2000.0,1990.0,35360.0,-1538.0,0.0,1538.0,0.0006,1538.0,5.0,RISE
2017-11-01,1995.0,2000.0,2000.0,1990.0,5585.0,0.0,0.0,0.0,0.0006,30181.0,0.0,EVEN
2017-10-31,1995.0,1995.0,1995.0,1995.0,3893.0,,,,,,,
2017-10-30,1995.0,1995.0,2000.0,1995.0,39501.0,30181.0,0.0,-30181.0,0.0006,-30181.0,0.0,EVEN
2017-10-27,1995.0,2000.0,2000.0,1995.0,2275.0,80.0,0.0,-80.0,0.0006,-80.0,0.0,EVEN
2017-10-26,1995.0,2000.0,2000.0,1990.0,33538.0,5600.0,3500.0,-9100.0,0.0006,-9100.0,5.0,FALL
2017-10-25,2000.0,2000.0,2000.0,1990.0,21531.0,409.0,0.0,-409.0,0.0,-409.0,10.0,RISE
2017-10-24,1990.0,1995.0,1995.0,1985.0,54222.0,19737.0,0.0,-19737.0,0.0,-19737.0,5.0,FALL
2017-10-23,1995.0,1995.0,1995.0,1985.0,98952.0,10366.0,0.0,-10366.0,0.0,-10366.0,0.0,EVEN
2017-10-20,1995.0,2000.0,2000.0,1985.0,487406.0,219833.0,0.0,-219833.0,0.0,-219833.0,5.0,FALL
