,종가,시가,고가,저가,거래량,개인순매수,외국인순매수,기관순매수,외국인보유,기관보유량,전일비,변화
2020-06-05,11700.0,11500.0,11750.0,11350.0,4704.0,-797,1200,-403,0.0404,78033,200.0,RISE
2020-06-04,11500.0,11150.0,11600.0,11150.0,11735.0,-3027,3347,-320,0.0403,78436,350.0,RISE
2020-06-03,11150.0,11300.0,11450.0,11000.0,7759.0,2812,2000,-4812,0.04,78756,300.0,FALL
2020-06-02,11450.0,11000.0,11450.0,10900.0,14724.0,-10781,12677,-1896,0.0399,120287,500.0,RISE
2020-06-01,10950.0,10850.0,11000.0,10800.0,549.0,-176,51,125,0.039,122183,100.0,RISE
2020-05-29,10850.0,10900.0,11000.0,10800.0,2011.0,-754,400,354,0.039,122058,150.0,FALL
2020-05-28,11000.0,10850.0,11050.0,10850.0,2916.0,-1936,2000,-64,0.0389,121704,0.0,EVEN
2020-05-27,11000.0,11000.0,11000.0,10800.0,2061.0,-574,600,-26,0.0388,121768,50.0,RISE
2020-05-26,10950.0,10650.0,10950.0,10650.0,3536.0,-915,893,22,0.0388,121794,200.0,RISE
2020-05-25,10750.0,10700.0,10850.0,10600.0,2388.0,-686,684,2,0.0387,121772,50.0,RISE
2020-05-22,10700.0,11150.0,11150.0,10700.0,8561.0,-616,621,-5,0.0386,121770,450.0,FALL
2020-05-21,11150.0,11000.0,11150.0,10900.0,3735.0,-2996,2994,2,0.0386,100413,200.0,RISE
2020-05-20,10950.0,10800.0,11000.0,10800.0,3936.0,-697,700,-3,0.0384,100411,0.0,EVEN
2020-05-19,10950.0,10800.0,11000.0,10750.0,2939.0,-672,700,-28,0.0383,100414,150.0,RISE
2020-05-18,10800.0,10700.0,10800.0,10450.0,4693.0,795,1199,-1994,0.0001,100442,100.0,RISE
2020-05-15,10700.0,10750.0,10850.0,10600.0,2689.0,1980,0,-1980,0.0,102436,50.0,FALL
2020-05-14,10750.0,10800.0,10950.0,10750.0,1440.0,-347,316,31,-0.0001,104416,250.0,FALL
2020-05-13,11000.0,10950.0,11100.0,10800.0,2679.0,1559,-1564,5,-0.0001,104385,150.0,FALL
2020-05-12,11150.0,10850.0,11200.0,10600.0,5574.0,-4946,0,4946,0.0,104380,300.0,RISE
2020-05-11,10850.0,10950.0,11000.0,10700.0,1070.0,462,0,-462,0.0,99434,150.0,FALL
2020-05-08,11000.0,11300.0,11300.0,11000.0,2035.0,1698,-1010,-688,0.0384,99896,300.0,FALL
2020-05-07,11300.0,11300.0,11300.0,11000.0,1667.0,-948,350,598,0.0385,100584,50.0,RISE
2020-05-06,11250.0,11300.0,11300.0,11200.0,109.0,-89,0,89,0.0,99986,50.0,RISE
2020-05-04,11200.0,10900.0,11350.0,10900.0,5404.0,-2775,-654,3429,0.0384,99897,100.0,RISE
2020-04-29,11100.0,10850.0,11100.0,10800.0,1652.0,-392,400,-8,0.0385,96468,150.0,RISE
2020-04-28,10950.0,10950.0,10950.0,10850.0,594.0,-1,0,1,0.0,96476,100.0,RISE
2020-04-27,10850.0,10900.0,10950.0,10800.0,1531.0,480,-419,-61,0.0385,96475,100.0,RISE
2020-04-24,10750.0,10850.0,10950.0,10750.0,499.0,-118,100,18,0.0385,96536,100.0,FALL
2020-04-23,10850.0,11000.0,11000.0,10850.0,160.0,-72,0,72,0.0385,96518,50.0,FALL
2020-04-22,10900.0,10800.0,11000.0,10800.0,393.0,-162,100,62,0.0003,96446,100.0,FALL
2020-04-21,11000.0,11200.0,11200.0,10850.0,1079.0,24,-11,-13,0.0003,96384,250.0,FALL
2020-04-20,11250.0,11100.0,11250.0,10950.0,1603.0,-493,300,193,0.0003,96397,50.0,RISE
2020-04-17,11200.0,10750.0,11200.0,10750.0,3864.0,-2668,2840,-172,0.0002,96204,450.0,RISE
2020-04-16,10750.0,10700.0,10850.0,10600.0,354.0,33,-13,-20,0.0,96376,50.0,RISE
2020-04-14,10700.0,10900.0,10900.0,10700.0,903.0,0,20,-20,0.0,96396,150.0,FALL
2020-04-13,10850.0,10600.0,10900.0,10550.0,1900.0,-805,400,405,0.0,96416,0.0,EVEN
2020-04-10,10850.0,10750.0,10850.0,10700.0,180.0,3,0,-3,0.0,96011,0.0,EVEN
2020-04-09,10850.0,10800.0,10850.0,10550.0,1847.0,-742,293,449,0.0002,96014,50.0,RISE
2020-04-08,10800.0,10400.0,10850.0,10400.0,2825.0,-1355,540,815,0.0002,95565,250.0,RISE
2020-04-07,10550.0,10150.0,10550.0,10150.0,2425.0,-1458,400,1058,0.0002,94750,400.0,RISE
2020-04-06,10150.0,10100.0,10200.0,9950.0,4799.0,-1601,1000,601,0.0001,93692,50.0,RISE
2020-04-03,10100.0,10150.0,10150.0,9940.0,4332.0,1388,673,-2061,0.0,93091,0.0,EVEN
2020-04-02,10100.0,10150.0,10150.0,10050.0,420.0,263,0,-263,0.0,95152,0.0,EVEN
2020-04-01,10100.0,10250.0,10400.0,10050.0,3375.0,-1805,714,1091,0.0381,95415,150.0,FALL
2020-03-31,10250.0,10300.0,10350.0,10050.0,2459.0,-430,600,-170,0.0381,94324,0.0,EVEN
2020-03-30,10250.0,10150.0,10250.0,9940.0,851.0,-396,193,203,0.038,94494,100.0,RISE
2020-03-27,10150.0,10300.0,10400.0,9900.0,2875.0,-514,10,504,0.038,94291,100.0,FALL
2020-03-26,10250.0,9870.0,10300.0,9690.0,3934.0,-908,0,908,0.038,93787,350.0,RISE
2020-03-25,9900.0,9640.0,9920.0,9460.0,1382.0,-198,24,174,0.038,92879,300.0,RISE
2020-03-24,9600.0,9360.0,9660.0,9270.0,3630.0,1285,0,-1285,0.038,92705,240.0,RISE
2020-03-23,9360.0,9420.0,9420.0,9130.0,2759.0,-1544,6,1538,0.038,93990,290.0,FALL
2020-03-20,9650.0,9220.0,9650.0,9220.0,1357.0,-564,89,475,0.038,92452,410.0,RISE
2020-03-19,9240.0,9850.0,10000.0,9020.0,3250.0,-165,31,134,0.038,91977,660.0,FALL
2020-03-18,9900.0,10300.0,10300.0,9900.0,2626.0,18,-10,-8,0.038,91843,150.0,FALL
2020-03-17,10050.0,10750.0,10950.0,9980.0,31466.0,6487,-13281,6794,0.0381,91851,950.0,FALL
2020-03-16,11000.0,11150.0,11150.0,10450.0,4789.0,-1988,983,1005,0.0391,85057,100.0,RISE
2020-03-13,10900.0,10250.0,10950.0,9310.0,17223.0,-9816,9588,228,0.039,84052,200.0,RISE
2020-03-12,10700.0,10950.0,11150.0,10450.0,1882.0,-586,5,581,0.0383,83824,450.0,FALL
2020-03-11,11150.0,11200.0,11300.0,10950.0,2135.0,-1008,-30,1038,0.0383,83243,150.0,FALL
2020-03-10,11300.0,10950.0,11300.0,10750.0,5678.0,-2356,1197,1159,0.0381,82205,350.0,RISE
2020-03-09,10950.0,10650.0,10950.0,10050.0,11963.0,-6281,1900,4381,0.038,81046,300.0,RISE
2020-03-06,10650.0,10550.0,10650.0,10550.0,185.0,-23,0,23,0.0376,76665,0.0,EVEN
2020-03-05,10650.0,10550.0,10750.0,10450.0,4021.0,-3622,1000,2622,0.0375,76642,150.0,RISE
2020-03-04,10500.0,10300.0,10550.0,10200.0,4758.0,-3622,900,2722,0.0375,74020,200.0,RISE
2020-03-03,10300.0,10400.0,10500.0,10050.0,37113.0,3245,9876,-13121,0.0374,71298,50.0,FALL
2020-03-02,10350.0,11150.0,11150.0,10300.0,62525.0,29241,17113,-46354,0.0367,84419,750.0,FALL
2020-02-28,11100.0,11100.0,11100.0,10700.0,4815.0,-1356,970,386,0.0354,130773,0.0,EVEN
2020-02-27,11100.0,11200.0,11450.0,10800.0,4879.0,-1321,995,326,0.0354,130387,100.0,FALL
2020-02-26,11200.0,11300.0,11300.0,11100.0,847.0,-111,-5,116,0.0353,130061,100.0,FALL
2020-02-25,11300.0,10850.0,11450.0,10500.0,39802.0,-559,-141,700,0.0353,129945,500.0,RISE
2020-02-24,10800.0,10400.0,10850.0,10300.0,4418.0,-1183,11,1172,0.0353,129245,300.0,RISE
2020-02-21,10500.0,10900.0,10900.0,10500.0,10777.0,-2409,88,2321,0.0353,128073,450.0,FALL
2020-02-20,10950.0,10950.0,11050.0,10950.0,860.0,-13,1,12,0.0353,125752,200.0,FALL
2020-02-19,11150.0,11250.0,11250.0,11050.0,1876.0,-534,6,528,0.0353,125740,100.0,FALL
2020-02-18,11250.0,11000.0,11400.0,11000.0,5744.0,-1009,10,999,0.0353,125212,250.0,RISE
2020-02-17,11000.0,11100.0,11100.0,11000.0,751.0,128,-114,-14,0.0353,124213,100.0,FALL
2020-02-14,11100.0,11050.0,11100.0,10800.0,13969.0,-2214,138,2076,0.0353,124227,100.0,RISE
2020-02-13,11000.0,11000.0,11200.0,10950.0,8052.0,-6924,0,6924,0.0353,122151,0.0,EVEN
2020-02-12,11000.0,11050.0,11100.0,10950.0,919.0,204,0,-204,0.0353,115227,50.0,FALL
2020-02-11,11050.0,11250.0,11250.0,10950.0,29796.0,23951,0,-23951,0.0353,115431,300.0,FALL
2020-02-10,11350.0,11350.0,11350.0,10900.0,18160.0,9392,0,-9392,0.0353,139382,0.0,EVEN
2020-02-07,11350.0,11300.0,11400.0,11300.0,606.0,188,0,-188,0.0353,148774,50.0,FALL
2020-02-06,11400.0,11300.0,11400.0,11200.0,2104.0,190,0,-190,0.0353,148962,50.0,RISE
2020-02-05,11350.0,11300.0,11350.0,11200.0,947.0,69,0,-69,0.0353,149152,50.0,RISE
2020-02-04,11300.0,11450.0,11500.0,11250.0,27650.0,3305,0,-3305,0.0353,149221,200.0,FALL
2020-02-03,11500.0,11600.0,11600.0,11300.0,3374.0,2094,0,-2094,0.0353,152526,100.0,FALL
2020-01-31,11600.0,11400.0,11700.0,11200.0,3585.0,-1003,0,1003,0.0353,154620,200.0,RISE
2020-01-30,11400.0,11650.0,11650.0,11400.0,3059.0,-477,0,477,0.0353,153617,300.0,FALL
2020-01-29,11700.0,11500.0,11750.0,11350.0,5298.0,-4878,0,4878,0.0354,153140,200.0,RISE
2020-01-28,11500.0,11500.0,11500.0,11250.0,4617.0,-1253,0,1253,0.0354,148262,50.0,FALL
2020-01-23,11550.0,11550.0,11650.0,11500.0,676.0,191,0,-191,0.0354,147009,50.0,FALL
2020-01-22,11600.0,11500.0,11650.0,11450.0,1835.0,-180,0,180,0.0354,147200,50.0,FALL
2020-01-21,11650.0,11600.0,11650.0,11500.0,904.0,30,0,-30,0.0354,147020,0.0,EVEN
2020-01-20,11650.0,11700.0,11700.0,11450.0,7622.0,3225,0,-3225,0.0354,147050,0.0,EVEN
2020-01-17,11650.0,11800.0,11800.0,11650.0,20743.0,14035,0,-14035,0.0354,150275,150.0,FALL
2020-01-16,11800.0,11950.0,11950.0,11650.0,60658.0,9212,0,-9212,0.0354,164310,150.0,FALL
2020-01-15,11950.0,11900.0,12000.0,11700.0,8479.0,935,0,-935,0.0354,173522,0.0,EVEN
2020-01-14,11950.0,12000.0,12150.0,11950.0,6210.0,2460,0,-2460,0.0354,174457,150.0,FALL
2020-01-13,12100.0,12200.0,12200.0,12100.0,330.0,301,-19,-282,0.0354,176917,100.0,FALL
2020-01-10,12200.0,11950.0,12200.0,11900.0,7234.0,-6860,0,6860,0.0354,177199,350.0,RISE
2020-01-09,11850.0,12100.0,12200.0,11850.0,4406.0,-322,0,322,0.0354,170339,250.0,FALL
2020-01-08,12100.0,12150.0,12200.0,11950.0,3348.0,-502,0,502,0.0355,170017,50.0,FALL
2020-01-07,12150.0,12250.0,12250.0,12150.0,304.0,38,0,-38,0.0355,169515,50.0,FALL
2020-01-06,12200.0,12350.0,12350.0,12200.0,1387.0,8,0,-8,0.0355,169553,150.0,FALL
2020-01-03,12350.0,12350.0,12350.0,12200.0,1217.0,-273,0,273,0.0355,169561,0.0,EVEN
2020-01-02,12350.0,12350.0,12350.0,12150.0,1915.0,-598,-2,600,0.0355,169288,0.0,EVEN
2019-12-30,12350.0,12300.0,12350.0,12200.0,2323.0,-572,0,572,0.0352,168688,50.0,RISE
2019-12-27,12300.0,12200.0,12300.0,12200.0,198.0,13,0,-13,0.0352,168116,50.0,FALL
2019-12-26,12350.0,12400.0,12400.0,12250.0,1663.0,-1146,0,1146,0.0352,168129,50.0,RISE
2019-12-24,12300.0,12250.0,12350.0,12200.0,6407.0,-3559,0,3559,0.0352,166983,50.0,RISE
2019-12-23,12250.0,12250.0,12300.0,12200.0,875.0,-208,154,54,0.0352,163424,50.0,RISE
2019-12-20,12200.0,12250.0,12250.0,12150.0,5400.0,3044,0,-3044,0.0352,163370,0.0,EVEN
2019-12-19,12200.0,12250.0,12300.0,12200.0,1188.0,-659,0,659,0.0352,166414,100.0,FALL
2019-12-18,12300.0,12300.0,12300.0,12200.0,61.0,51,0,-51,0.0352,165755,0.0,EVEN
2019-12-17,12300.0,12150.0,12300.0,12150.0,1623.0,-1217,0,1217,0.0352,165806,150.0,RISE
2019-12-16,12150.0,12200.0,12350.0,12100.0,3659.0,1351,0,-1351,0.0352,164589,150.0,FALL
2019-12-13,12300.0,12450.0,12450.0,12300.0,666.0,230,0,-230,0.0352,165940,100.0,FALL
2019-12-12,12400.0,12300.0,12400.0,12300.0,482.0,126,0,-126,0.0352,166170,0.0,EVEN
2019-12-11,12400.0,12450.0,12450.0,12300.0,162.0,33,0,-33,0.0352,166296,0.0,EVEN
2019-12-10,12400.0,12450.0,12450.0,12350.0,113.0,49,0,-49,0.0352,166329,0.0,EVEN
2019-12-09,12400.0,12300.0,12400.0,12200.0,527.0,-481,0,481,0.0352,166378,100.0,RISE
2019-12-06,12300.0,12350.0,12400.0,12000.0,34378.0,-9777,-584,10361,0.0352,165897,0.0,EVEN
2019-12-05,12300.0,12350.0,12400.0,12250.0,2253.0,-952,-677,1629,0.0353,155536,100.0,FALL
2019-12-04,12400.0,12400.0,12400.0,12350.0,268.0,-5,0,5,0.0353,153907,0.0,EVEN
2019-12-03,12400.0,12400.0,12400.0,12200.0,2265.0,-676,-897,1573,0.0353,153902,0.0,EVEN
2019-12-02,12400.0,12450.0,12450.0,12200.0,22399.0,5417,0,-5417,0.0354,152329,100.0,RISE
2019-11-29,12300.0,12350.0,12400.0,12300.0,2205.0,-1079,0,1079,0.0354,157746,100.0,FALL
2019-11-28,12400.0,12300.0,12400.0,12300.0,3124.0,-2506,0,2506,0.0354,156667,100.0,RISE
2019-11-27,12300.0,12300.0,12400.0,12250.0,8182.0,-861,-1900,2761,0.0354,154161,0.0,EVEN
2019-11-26,12300.0,12450.0,12450.0,12200.0,23729.0,10038,0,-10038,0.0355,151400,150.0,FALL
2019-11-25,12450.0,12450.0,12500.0,12250.0,13355.0,7168,0,-7168,0.0355,161438,0.0,EVEN
2019-11-22,12450.0,12100.0,12500.0,12050.0,13866.0,-1664,0,1664,0.0355,168606,350.0,RISE
2019-11-21,12100.0,12200.0,12200.0,12100.0,3200.0,-491,0,491,0.0355,166942,100.0,FALL
2019-11-20,12200.0,12250.0,12250.0,12100.0,1707.0,125,0,-125,0.0355,166451,50.0,RISE
2019-11-19,12150.0,12300.0,12300.0,12150.0,6467.0,3734,0,-3734,0.0355,166576,300.0,FALL
2019-11-18,12450.0,12350.0,12500.0,12150.0,5637.0,-2842,-2560,5402,0.0355,170310,100.0,RISE
2019-11-15,12350.0,12400.0,12400.0,12300.0,4928.0,1272,-3209,1937,0.0357,164908,50.0,FALL
2019-11-14,12400.0,12250.0,12450.0,12200.0,3139.0,-931,0,931,0.0359,162971,150.0,RISE
2019-11-13,12250.0,12300.0,12300.0,12200.0,1441.0,81,0,-81,0.0,162040,0.0,EVEN
2019-11-12,12250.0,12200.0,12350.0,12050.0,11174.0,367,-289,-78,0.0359,162121,0.0,EVEN
2019-11-11,12250.0,12500.0,12500.0,12250.0,5956.0,4486,0,-4486,0.036000000000000004,162199,200.0,FALL
2019-11-08,12450.0,12500.0,12500.0,12300.0,1851.0,391,0,-391,0.036000000000000004,166685,0.0,EVEN
2019-11-07,12450.0,12450.0,12500.0,12200.0,2266.0,978,0,-978,0.036000000000000004,167076,0.0,EVEN
2019-11-06,12450.0,12400.0,12650.0,12200.0,3398.0,-479,0,479,0.036000000000000004,168054,100.0,RISE
2019-11-05,12350.0,12300.0,12350.0,12250.0,314.0,158,-149,-9,0.036000000000000004,167575,100.0,RISE
2019-11-04,12250.0,12350.0,12450.0,12250.0,1242.0,917,0,-917,0.036000000000000004,167584,250.0,FALL
2019-11-01,12500.0,12400.0,12500.0,12350.0,880.0,-6,0,6,0.036000000000000004,168501,100.0,RISE
2019-10-31,12400.0,12300.0,12500.0,12250.0,1089.0,654,-477,-177,0.036000000000000004,168495,100.0,RISE
2019-10-30,12300.0,12400.0,12450.0,12300.0,688.0,157,-24,-133,0.036000000000000004,168672,50.0,FALL
2019-10-29,12350.0,12350.0,12450.0,12300.0,1992.0,1329,-1412,83,0.036000000000000004,168805,0.0,EVEN
2019-10-28,12350.0,12150.0,12400.0,12050.0,5197.0,-486,0,486,0.0361,168722,200.0,RISE
2019-10-25,12150.0,12150.0,12150.0,12100.0,2184.0,693,-785,92,0.0361,168236,0.0,EVEN
2019-10-24,12150.0,12050.0,12150.0,12050.0,2453.0,822,-1503,681,0.0362,168144,150.0,RISE
2019-10-23,12000.0,12000.0,12100.0,12000.0,2026.0,334,-738,404,0.0363,167463,100.0,FALL
2019-10-22,12100.0,12000.0,12100.0,11950.0,930.0,147,-265,118,0.0363,167059,100.0,RISE
2019-10-21,12000.0,11950.0,12100.0,11950.0,4300.0,-2624,-1337,3961,0.0364,166941,100.0,FALL
2019-10-18,12100.0,12000.0,12100.0,12000.0,2623.0,-474,-32,506,0.0365,162980,50.0,RISE
2019-10-17,12050.0,12250.0,12350.0,11950.0,34975.0,13830,-114,-13716,0.0365,162474,300.0,FALL
2019-10-16,12350.0,12200.0,12400.0,12150.0,3580.0,-818,-170,988,0.0365,176190,50.0,RISE
2019-10-15,12300.0,12150.0,12350.0,12100.0,3386.0,725,-1612,887,0.0365,175202,200.0,RISE
2019-10-14,12100.0,12200.0,12350.0,12100.0,1024.0,3,0,-3,0.0366,174315,200.0,FALL
2019-10-11,12300.0,12200.0,12300.0,12200.0,409.0,-25,0,25,0.0366,174318,100.0,RISE
2019-10-10,12200.0,12500.0,12500.0,12200.0,6316.0,4415,-62,-4353,0.0366,174293,300.0,FALL
2019-10-08,12500.0,12050.0,12500.0,12050.0,4548.0,-2922,-61,2983,0.0366,178646,450.0,RISE
2019-10-07,12050.0,12300.0,12350.0,12050.0,1225.0,423,-650,227,0.0366,175663,250.0,FALL
2019-10-04,12300.0,12250.0,12300.0,12150.0,53.0,7,0,-7,0.0366,175436,100.0,RISE
2019-10-02,12200.0,12400.0,12400.0,12200.0,762.0,145,-31,-114,0.0366,175443,250.0,FALL
2019-10-01,12450.0,12450.0,12450.0,12300.0,111.0,-25,0,25,0.0366,175557,150.0,RISE
2019-09-30,12300.0,12500.0,12500.0,12250.0,1813.0,-81,-70,151,0.0366,175532,50.0,FALL
2019-09-27,12350.0,12350.0,12550.0,12200.0,4595.0,-4205,-69,4274,0.0366,175381,0.0,EVEN
2019-09-26,12350.0,12250.0,12350.0,12200.0,2427.0,-590,0,590,0.0366,171107,100.0,RISE
2019-09-25,12250.0,12450.0,12450.0,12150.0,12715.0,5016,12,-5028,0.0366,170517,200.0,FALL
2019-09-24,12450.0,12450.0,12450.0,12350.0,139.0,15,0,-15,0.0366,175545,0.0,EVEN
2019-09-23,12450.0,12350.0,12550.0,12300.0,2172.0,-413,0,413,0.0366,175560,0.0,EVEN
2019-09-20,12450.0,12450.0,12450.0,12300.0,1317.0,-243,0,243,0.0366,175147,100.0,RISE
2019-09-19,12350.0,12400.0,12500.0,12350.0,3103.0,-688,0,688,0.0366,174904,50.0,FALL
2019-09-18,12400.0,12650.0,12650.0,12400.0,2891.0,-1553,0,1553,0.0366,174216,250.0,FALL
2019-09-17,12650.0,12600.0,12650.0,12250.0,11286.0,-6760,-68,6828,0.0366,172663,150.0,RISE
2019-09-16,12500.0,12150.0,12500.0,12150.0,4216.0,-1122,-69,1191,0.0366,165835,350.0,RISE
2019-09-11,12150.0,12450.0,12450.0,12150.0,32265.0,20593,0,-20593,0.0366,164644,300.0,FALL
2019-09-10,12450.0,12400.0,12450.0,12300.0,572.0,-14,-11,25,0.0366,185237,50.0,RISE
2019-09-09,12400.0,12450.0,12550.0,12250.0,32328.0,21950,-37,-21913,0.0366,185212,100.0,FALL
2019-09-06,12500.0,12600.0,12650.0,12450.0,6117.0,5010,0,-5010,0.0366,207125,100.0,FALL
2019-09-05,12600.0,12600.0,12650.0,12450.0,1042.0,84,-46,-38,0.0366,212135,0.0,EVEN
2019-09-04,12600.0,12450.0,12600.0,12450.0,1986.0,993,-32,-961,0.0367,212173,0.0,EVEN
2019-09-03,12600.0,12600.0,12600.0,12450.0,1407.0,302,-267,-35,0.0367,213134,0.0,EVEN
2019-09-02,12600.0,12600.0,12600.0,12200.0,13134.0,6914,0,-6914,0.0367,213169,50.0,RISE
2019-08-30,12550.0,12400.0,12550.0,12350.0,3620.0,-583,-18,601,0.0367,220083,150.0,RISE
2019-08-29,12400.0,12350.0,12450.0,12250.0,2026.0,-1112,0,1112,0.0367,219482,0.0,EVEN
2019-08-28,12400.0,12350.0,12450.0,12300.0,3280.0,-467,0,467,0.0367,218370,0.0,EVEN
2019-08-27,12400.0,12250.0,12400.0,12200.0,1471.0,-332,-3,335,0.0367,217903,50.0,RISE
2019-08-26,12350.0,12200.0,12350.0,12100.0,2524.0,-2234,0,2234,0.0367,217568,0.0,EVEN
2019-08-23,12350.0,12450.0,12450.0,12250.0,7901.0,1090,100,-1190,0.0367,215334,150.0,FALL
2019-08-22,12500.0,12550.0,12550.0,12450.0,61.0,-6,-4,10,0.0367,216524,100.0,FALL
2019-08-21,12600.0,12550.0,12600.0,12450.0,882.0,-230,0,230,0.0367,216514,50.0,RISE
2019-08-20,12550.0,12700.0,12700.0,12250.0,12592.0,4481,-45,-4436,0.0367,216284,150.0,FALL
2019-08-19,12700.0,12350.0,12750.0,12300.0,2175.0,-556,0,556,0.0367,220720,400.0,RISE
2019-08-16,12300.0,12500.0,12550.0,12250.0,5529.0,3699,-1135,-2564,0.0367,220164,200.0,FALL
2019-08-14,12500.0,12400.0,12650.0,12300.0,2821.0,-271,-3,274,0.0368,222728,100.0,RISE
2019-08-13,12400.0,12400.0,12500.0,12250.0,1239.0,-413,0,413,0.0368,222454,50.0,FALL
2019-08-12,12450.0,12250.0,12450.0,12250.0,838.0,-99,0,99,0.0368,222041,200.0,RISE
2019-08-09,12250.0,12600.0,12600.0,12250.0,3085.0,1844,-249,-1595,0.0368,221942,400.0,FALL
2019-08-08,12650.0,12500.0,12650.0,12250.0,1001.0,-166,0,166,0.0368,223537,150.0,RISE
2019-08-07,12500.0,12150.0,12500.0,12050.0,229.0,-31,-11,42,0.0368,223371,300.0,RISE
2019-08-06,12200.0,12550.0,12550.0,12150.0,1145.0,558,-787,229,0.0368,223329,350.0,FALL
2019-08-05,12550.0,12250.0,12550.0,12050.0,1096.0,-551,0,551,0.0368,223100,150.0,RISE
2019-08-02,12400.0,12700.0,12700.0,12300.0,1547.0,-81,-40,121,0.0368,222549,300.0,FALL
2019-08-01,12700.0,12200.0,12700.0,12150.0,12278.0,-5019,-1417,6436,0.0368,222428,500.0,RISE
2019-07-31,12200.0,12450.0,12500.0,12150.0,3219.0,104,-37,-67,0.0369,215992,250.0,FALL
2019-07-30,12450.0,13000.0,13050.0,12450.0,17175.0,10309,0,-10309,0.0369,216059,550.0,FALL
2019-07-29,13000.0,12900.0,13000.0,12750.0,848.0,-570,-30,600,0.0369,226368,100.0,RISE
2019-07-26,12900.0,13150.0,13450.0,12900.0,26368.0,4688,-24,-4664,0.0369,225768,450.0,FALL
2019-07-25,13350.0,13550.0,13700.0,13250.0,2415.0,-434,0,434,0.0369,230432,200.0,FALL
2019-07-24,13550.0,13250.0,13550.0,13250.0,6156.0,-4132,-1863,5995,0.0369,229998,150.0,RISE
2019-07-23,13400.0,13450.0,13450.0,13200.0,1170.0,-283,-2,285,0.0371,224003,0.0,EVEN
2019-07-22,13400.0,13250.0,13500.0,13250.0,356.0,-244,-28,272,0.0371,223718,0.0,EVEN
2019-07-19,13400.0,13350.0,13500.0,13250.0,398.0,23,-97,74,0.0371,223446,0.0,EVEN
2019-07-18,13400.0,13050.0,13550.0,13000.0,7208.0,-5177,-1018,6195,0.0371,223372,350.0,RISE
2019-07-17,13050.0,13150.0,13200.0,13050.0,250.0,3,0,-3,0.0372,217177,0.0,EVEN
2019-07-16,13050.0,13400.0,13400.0,13050.0,510.0,19,-43,24,0.0372,217180,250.0,FALL
2019-07-15,13300.0,13300.0,13400.0,13200.0,1118.0,-65,-201,266,0.0372,217156,100.0,RISE
2019-07-12,13200.0,13350.0,13500.0,13200.0,1614.0,-235,-38,273,0.0372,216890,150.0,FALL
2019-07-11,13350.0,13450.0,13500.0,13350.0,834.0,-54,-94,148,0.0372,216617,250.0,FALL
2019-07-10,13600.0,13550.0,13650.0,13300.0,2153.0,-304,-33,337,0.0372,216469,50.0,RISE
2019-07-09,13550.0,13250.0,13550.0,13250.0,3330.0,-1929,-771,2700,0.0372,216132,200.0,RISE
2019-07-08,13350.0,13450.0,13450.0,13250.0,584.0,-45,-60,105,0.0372,213432,0.0,EVEN
2019-07-05,13350.0,13350.0,13450.0,13300.0,93.0,17,-4,-13,0.0373,213327,100.0,FALL
2019-07-04,13450.0,13700.0,13700.0,13250.0,1173.0,-274,-1,275,0.0373,213340,150.0,FALL
2019-07-03,13600.0,13350.0,13600.0,13200.0,2932.0,-1568,-460,2028,0.0373,213065,300.0,RISE
2019-07-02,13300.0,13300.0,13300.0,13150.0,384.0,-60,-18,78,0.0373,211037,0.0,EVEN
2019-07-01,13300.0,13500.0,13500.0,13200.0,3951.0,-713,-127,840,0.0373,210959,200.0,FALL
2019-06-28,13500.0,13500.0,13500.0,13450.0,602.0,-73,-1,74,0.0373,210119,0.0,EVEN
2019-06-27,13500.0,13500.0,13550.0,13400.0,3980.0,-2317,-91,2408,-0.0001,210045,50.0,FALL
2019-06-26,13550.0,13300.0,13550.0,13200.0,13388.0,-10345,-1281,11626,-0.0001,207637,100.0,RISE
2019-06-25,13450.0,13450.0,13450.0,13200.0,726.0,-77,0,77,0.0,196011,100.0,RISE
2019-06-24,13350.0,13450.0,13450.0,13300.0,405.0,91,-97,6,-0.001,195934,50.0,FALL
2019-06-21,13400.0,13450.0,13450.0,13300.0,382.0,-24,-3,27,-0.001,195928,50.0,FALL
2019-06-20,13450.0,13500.0,13500.0,13350.0,332.0,36,-14,-22,-0.001,195901,100.0,RISE
2019-06-19,13350.0,13500.0,13500.0,13350.0,458.0,29,-23,-6,-0.001,195923,100.0,FALL
2019-06-18,13450.0,13550.0,13550.0,13350.0,654.0,32,-33,1,-0.001,195929,50.0,FALL
2019-06-17,13500.0,13450.0,13500.0,13300.0,1721.0,-67,2,65,-0.001,195928,50.0,RISE
2019-06-14,13450.0,13350.0,13500.0,13300.0,10208.0,-9724,-43,9767,-0.001,195863,0.0,EVEN
2019-06-13,13450.0,13550.0,13550.0,13250.0,4399.0,-2869,-115,2984,-0.001,186096,100.0,FALL
2019-06-12,13550.0,13400.0,13550.0,13350.0,1702.0,-1034,-77,1111,-0.001,183112,50.0,RISE
2019-06-11,13500.0,13550.0,13700.0,13350.0,13379.0,413,-12039,11626,-0.001,182001,50.0,FALL
2019-06-10,13550.0,13550.0,13600.0,13400.0,6053.0,1422,-1436,14,-0.0001,170375,100.0,RISE
2019-06-07,13450.0,13400.0,13550.0,13350.0,635.0,75,-78,3,0.0,170361,50.0,RISE
2019-06-05,13400.0,13450.0,13450.0,13300.0,859.0,22,0,-22,0.0,170358,100.0,RISE
2019-06-04,13300.0,13300.0,13300.0,13200.0,1120.0,-424,-207,631,0.0,170380,150.0,RISE
2019-06-03,13150.0,13200.0,13300.0,13050.0,1425.0,-92,-78,170,0.0,169749,100.0,FALL
2019-05-31,13250.0,13200.0,13400.0,13150.0,828.0,99,-104,5,0.0,169579,50.0,RISE
2019-05-30,13200.0,13150.0,13250.0,13050.0,2540.0,552,0,-552,0.0,169574,100.0,RISE
2019-05-29,13100.0,13150.0,13200.0,13000.0,3062.0,-227,-398,625,-0.0001,170126,0.0,EVEN
2019-05-28,13100.0,13000.0,13200.0,13000.0,2441.0,-312,-212,524,-0.0001,169501,150.0,RISE
2019-05-27,12950.0,13000.0,13100.0,12800.0,2636.0,-1689,-79,1768,-0.0001,168977,0.0,EVEN
2019-05-24,12950.0,13050.0,13100.0,12750.0,5082.0,-868,-599,1467,-0.0001,167209,50.0,FALL
2019-05-23,13000.0,12950.0,13000.0,12900.0,1266.0,-282,-54,336,0.0,165742,50.0,FALL
2019-05-22,13050.0,13000.0,13100.0,12950.0,986.0,109,-92,-17,0.0,165406,0.0,EVEN
2019-05-21,13050.0,13150.0,13150.0,12900.0,4670.0,-1267,0,1267,0.0,165423,100.0,FALL
2019-05-20,13150.0,13200.0,13200.0,13050.0,1555.0,-151,0,151,0.0,164156,50.0,FALL
2019-05-17,13200.0,13050.0,13250.0,12950.0,34556.0,13477,-23,-13454,0.0,164005,100.0,RISE
2019-05-16,13100.0,13050.0,13300.0,12950.0,4638.0,323,-21,-302,0.0,177459,50.0,RISE
2019-05-15,13050.0,12950.0,13100.0,12900.0,1361.0,-371,0,371,0.0,177761,50.0,RISE
2019-05-14,13000.0,12950.0,13000.0,12700.0,2668.0,-369,-22,391,0.0,177390,50.0,RISE
2019-05-13,12950.0,12850.0,12950.0,12800.0,1150.0,-108,-23,131,0.0,176999,50.0,RISE
2019-05-10,12900.0,12850.0,13000.0,12800.0,906.0,16,0,-16,0.0,176868,50.0,RISE
2019-05-09,12850.0,12900.0,12950.0,12850.0,1268.0,-473,-26,499,0.0385,176884,150.0,FALL
2019-05-08,13000.0,12950.0,13000.0,12850.0,1027.0,34,-26,-8,0.0385,176385,0.0,EVEN
2019-05-07,13000.0,12950.0,13050.0,12800.0,3900.0,-2168,-26,2194,0.0385,176393,0.0,EVEN
2019-05-03,13000.0,12900.0,13000.0,12750.0,7802.0,-2267,-23,2290,0.0385,174199,0.0,EVEN
2019-05-02,13000.0,13100.0,13100.0,12900.0,825.0,-174,0,174,0.0,171909,100.0,FALL
2019-04-30,13100.0,12950.0,13150.0,12850.0,3059.0,-1669,-24,1693,0.0385,171735,100.0,RISE
2019-04-29,13000.0,12850.0,13050.0,12850.0,1462.0,-822,-25,847,0.0385,170042,0.0,EVEN
2019-04-26,13000.0,13000.0,13000.0,12800.0,754.0,-481,0,481,0.0385,169195,0.0,EVEN
2019-04-25,13000.0,13050.0,13050.0,12850.0,1583.0,-510,-31,541,0.0385,168714,50.0,FALL
2019-04-24,13050.0,12950.0,13150.0,12850.0,2858.0,11,-30,19,0.0385,168173,200.0,RISE
2019-04-23,12850.0,13100.0,13150.0,12850.0,2939.0,-1107,-251,1358,0.0385,168154,200.0,FALL
2019-04-22,13050.0,13000.0,13050.0,12850.0,799.0,-384,-36,420,0.0386,166796,50.0,RISE
2019-04-19,13000.0,12900.0,13000.0,12850.0,1402.0,-564,-1,565,0.0386,166376,0.0,EVEN
2019-04-18,13000.0,12900.0,13050.0,12850.0,615.0,-239,0,239,0.0386,165811,100.0,RISE
2019-04-17,12900.0,12950.0,13050.0,12850.0,3056.0,402,0,-402,0.0386,165572,200.0,FALL
2019-04-16,13100.0,13150.0,13150.0,12800.0,4327.0,-1211,-1,1212,0.0386,165974,50.0,FALL
2019-04-15,13150.0,13200.0,13400.0,13000.0,1118.0,-72,-43,115,0.0386,164762,50.0,FALL
2019-04-12,13200.0,13000.0,13300.0,13000.0,2900.0,23,-42,19,0.0386,164647,200.0,RISE
2019-04-11,13000.0,12900.0,13000.0,12800.0,2059.0,-388,-36,424,0.0386,164628,100.0,RISE
2019-04-10,12900.0,12850.0,12900.0,12600.0,5984.0,-1527,-41,1568,0.0386,164204,50.0,RISE
2019-04-09,12850.0,13050.0,13100.0,12850.0,1640.0,-377,205,172,0.0386,162636,200.0,FALL
2019-04-08,13050.0,13300.0,13300.0,12900.0,3871.0,318,-41,-277,0.0386,162464,100.0,FALL
2019-04-05,13150.0,13050.0,13250.0,13050.0,1117.0,-201,-41,242,0.0386,162741,50.0,FALL
2019-04-04,13200.0,13300.0,13300.0,12950.0,2930.0,-1205,601,604,0.0386,162499,100.0,FALL
2019-04-03,13300.0,13300.0,13300.0,13100.0,1151.0,-182,-41,223,0.0385,161895,0.0,EVEN
2019-04-02,13300.0,13250.0,13350.0,13000.0,4231.0,-840,0,840,0.0385,161672,50.0,FALL
2019-04-01,13350.0,13200.0,13400.0,13100.0,1762.0,963,-789,-174,0.0385,160832,50.0,RISE
2019-03-29,13300.0,13200.0,13350.0,13100.0,4091.0,2451,-897,-1554,0.0386,161006,0.0,EVEN
2019-03-28,13300.0,13000.0,13350.0,12550.0,18700.0,-1522,-46,1568,0.0387,162560,250.0,RISE
2019-03-27,13050.0,13100.0,13100.0,13000.0,305.0,-18,-8,26,0.0387,160992,50.0,FALL
2019-03-26,13100.0,13100.0,13150.0,12950.0,678.0,-128,0,128,0.0387,160966,100.0,FALL
2019-03-25,13200.0,13450.0,13650.0,13200.0,875.0,-110,-39,149,0.0387,160838,250.0,FALL
2019-03-22,13450.0,13300.0,13500.0,13000.0,13776.0,-12633,0,12633,0.0387,160689,250.0,RISE
2019-03-21,13200.0,12900.0,13300.0,12650.0,11617.0,-10677,-43,10720,0.0387,148056,400.0,RISE
2019-03-20,12800.0,12800.0,12800.0,12600.0,8211.0,-6118,-39,6157,0.0387,137336,150.0,RISE
2019-03-19,12650.0,12500.0,12650.0,12450.0,556.0,45,-27,-18,0.0387,131179,150.0,RISE
2019-03-18,12500.0,12550.0,12600.0,12400.0,2299.0,-499,258,241,0.0387,131197,50.0,FALL
2019-03-15,12550.0,12600.0,12600.0,12450.0,4041.0,-1193,320,873,0.0387,130956,50.0,FALL
2019-03-14,12600.0,12550.0,12600.0,12450.0,1471.0,-530,0,530,0.0386,130083,50.0,RISE
2019-03-13,12550.0,12450.0,12550.0,12300.0,3129.0,685,362,-1047,0.0386,129553,0.0,EVEN
2019-03-12,12550.0,12600.0,12600.0,12400.0,3087.0,-723,13,710,0.0386,130600,50.0,FALL
2019-03-11,12600.0,12700.0,12700.0,12350.0,1267.0,-561,-45,606,0.0386,129890,100.0,FALL
2019-03-08,12700.0,12600.0,12700.0,12300.0,1527.0,-1004,157,847,0.0386,129284,100.0,RISE
2019-03-07,12600.0,12500.0,12850.0,12500.0,652.0,-169,-10,179,0.0386,128437,50.0,FALL
2019-03-06,12650.0,12500.0,12650.0,12200.0,5348.0,791,10,-801,0.0386,128258,50.0,RISE
2019-03-05,12600.0,12300.0,12600.0,12300.0,3031.0,-136,-137,273,0.0386,129059,200.0,RISE
2019-03-04,12400.0,12650.0,12850.0,12300.0,631.0,-52,73,-21,0.0386,128786,100.0,RISE
2019-02-28,12300.0,12300.0,12700.0,12300.0,9102.0,-7154,0,7154,0.0386,128807,0.0,EVEN
2019-02-27,12300.0,12400.0,12600.0,12300.0,1420.0,99,-56,-43,0.0386,121653,250.0,FALL
2019-02-26,12550.0,12300.0,12600.0,12200.0,11267.0,-8588,0,8588,0.0386,121696,250.0,RISE
2019-02-25,12300.0,12000.0,12350.0,11850.0,16120.0,-14200,102,14098,0.0385,113108,300.0,RISE
2019-02-22,12000.0,11950.0,12000.0,11850.0,2627.0,-9,480,-471,0.0385,99010,0.0,EVEN
2019-02-21,12000.0,11950.0,12000.0,11850.0,5379.0,421,1282,-1703,0.0385,99481,0.0,EVEN
2019-02-20,12000.0,12000.0,12000.0,11850.0,3126.0,11,-23,12,0.0384,101184,0.0,EVEN
2019-02-19,12000.0,11950.0,12000.0,11900.0,2054.0,-33,83,-50,0.0384,101172,50.0,RISE
2019-02-18,11950.0,12000.0,12000.0,11800.0,3595.0,-1178,904,274,0.0384,101222,0.0,EVEN
2019-02-15,11950.0,11950.0,12000.0,11750.0,4232.0,-1472,1100,372,0.0383,100948,0.0,EVEN
2019-02-14,11950.0,12000.0,12000.0,11850.0,618.0,-217,0,217,0.0382,100576,0.0,EVEN
2019-02-13,11950.0,12000.0,12050.0,11900.0,2231.0,-859,301,558,0.0382,100359,0.0,EVEN
2019-02-12,11950.0,11950.0,12000.0,11850.0,1276.0,-296,294,2,0.0382,99801,50.0,FALL
2019-02-11,12000.0,11900.0,12000.0,11800.0,3208.0,-383,400,-17,0.0382,99799,200.0,RISE
2019-02-08,11800.0,11900.0,12050.0,11800.0,12009.0,-216,2000,-1784,0.0382,99816,200.0,FALL
2019-02-07,12000.0,12200.0,12200.0,11950.0,3785.0,507,-2,-505,0.038,101600,150.0,FALL
2019-02-01,12150.0,12100.0,12200.0,11950.0,4705.0,-835,1000,-165,0.038,102105,50.0,RISE
2019-01-31,12100.0,12050.0,12100.0,11850.0,5097.0,-847,666,181,0.038,102270,50.0,RISE
2019-01-30,12050.0,11950.0,12100.0,11800.0,11825.0,-1302,3070,-1768,0.0379,102089,0.0,EVEN
2019-01-29,12050.0,12500.0,12500.0,11800.0,45106.0,2635,-2853,218,0.0377,103857,250.0,RISE
2019-01-28,11800.0,11850.0,11850.0,11650.0,7493.0,-382,-43,425,0.0379,103639,50.0,FALL
2019-01-25,11850.0,11850.0,11900.0,11500.0,17217.0,-3845,3474,371,0.0379,103214,0.0,EVEN
2019-01-24,11850.0,11800.0,11900.0,11600.0,11722.0,-2253,2274,-21,0.0376,102843,100.0,RISE
2019-01-23,11750.0,12350.0,12350.0,11650.0,93127.0,46658,14685,-61343,0.0375,102864,700.0,FALL
2019-01-22,12450.0,12500.0,12500.0,12300.0,1234.0,351,-610,259,0.0364,164207,0.0,EVEN
2019-01-21,12450.0,12300.0,12600.0,12300.0,3469.0,-892,573,319,0.0365,163948,0.0,EVEN
2019-01-18,12450.0,12600.0,12600.0,12400.0,1418.0,-420,-98,518,0.0364,163629,100.0,FALL
2019-01-17,12550.0,12600.0,12650.0,12500.0,362.0,-153,75,78,0.0364,163111,50.0,FALL
2019-01-16,12600.0,12700.0,12700.0,12500.0,980.0,507,-22,-485,0.0364,163033,100.0,FALL
2019-01-15,12700.0,12650.0,12750.0,12600.0,369.0,95,-26,-69,0.0364,163518,50.0,FALL
2019-01-14,12750.0,12850.0,12850.0,12650.0,457.0,43,-27,-16,0.0364,163587,100.0,FALL
2019-01-11,12850.0,12750.0,12850.0,12650.0,98.0,-66,16,50,0.0364,163603,0.0,EVEN
2019-01-10,12850.0,12550.0,12850.0,12550.0,474.0,-187,349,-162,0.0364,163553,200.0,RISE
2019-01-09,12650.0,12650.0,12850.0,12650.0,538.0,225,-27,-198,0.0364,163715,150.0,FALL
2019-01-08,12800.0,12800.0,12800.0,12750.0,58.0,3,-8,5,0.0364,163913,100.0,FALL
2019-01-07,12900.0,12900.0,13100.0,12600.0,646.0,-296,-28,324,0.0364,163908,150.0,RISE
2019-01-04,12750.0,12900.0,12900.0,12650.0,1624.0,-440,-78,518,0.0364,163584,150.0,FALL
2019-01-03,12900.0,12500.0,12900.0,12450.0,1151.0,-823,18,805,0.0364,163066,200.0,RISE
2019-01-02,12700.0,12550.0,12700.0,12500.0,56.0,22,-5,-17,0.0364,162261,0.0,EVEN
2018-12-28,12700.0,12700.0,12900.0,12600.0,910.0,-350,-243,593,0.0364,162278,150.0,FALL
2018-12-27,12850.0,12500.0,12850.0,12300.0,1416.0,-659,151,508,0.0364,161685,350.0,RISE
2018-12-26,12500.0,12750.0,12800.0,12500.0,899.0,-375,112,263,0.0364,161177,400.0,FALL
2018-12-24,12900.0,12800.0,12950.0,12650.0,633.0,44,68,-112,0.0364,160914,50.0,RISE
2018-12-21,12850.0,12650.0,12850.0,12650.0,2104.0,-216,405,-189,0.0364,161026,50.0,RISE
2018-12-20,12800.0,12700.0,12850.0,12650.0,1790.0,-768,205,563,0.0364,161215,50.0,FALL
2018-12-19,12850.0,12950.0,12950.0,12700.0,2348.0,-209,407,-198,0.0363,160652,200.0,FALL
2018-12-18,13050.0,12500.0,13050.0,12500.0,2073.0,-1895,-101,1996,0.0363,160850,400.0,RISE
2018-12-17,12650.0,12500.0,12750.0,12300.0,3978.0,-1872,852,1020,0.0363,158854,200.0,RISE
2018-12-14,12450.0,12850.0,12850.0,12450.0,8449.0,956,-1083,127,0.0363,157834,400.0,FALL
2018-12-13,12850.0,12700.0,12900.0,12700.0,6105.0,2084,600,-2684,0.0363,157707,0.0,EVEN
2018-12-12,12850.0,13050.0,13050.0,12850.0,1231.0,261,-582,321,0.0363,160391,200.0,FALL
2018-12-11,13050.0,12950.0,13100.0,12750.0,3572.0,-1418,503,915,0.0363,160070,50.0,RISE
2018-12-10,13000.0,12900.0,13150.0,12900.0,402.0,-283,55,228,0.0363,159155,50.0,FALL
2018-12-07,13050.0,13050.0,13100.0,12900.0,481.0,-385,74,311,0.0363,158927,50.0,FALL
2018-12-06,13100.0,13100.0,13100.0,12750.0,2085.0,-129,97,32,0.0363,158616,50.0,FALL
2018-12-05,13150.0,12900.0,13150.0,12800.0,434.0,-244,-2,246,0.0363,158584,200.0,RISE
2018-12-04,12950.0,13250.0,13250.0,12950.0,6847.0,2899,1405,-4304,0.0363,158338,350.0,FALL
2018-12-03,13300.0,13200.0,13300.0,13050.0,759.0,-258,62,196,0.0362,162642,50.0,RISE
2018-11-30,13250.0,13400.0,13400.0,13100.0,2542.0,658,511,-1169,0.0362,162446,150.0,FALL
2018-11-29,13400.0,13000.0,13400.0,12950.0,3945.0,-1776,911,865,0.0361,163615,250.0,RISE
2018-11-28,13150.0,12550.0,13150.0,12450.0,7848.0,-7469,-88,7557,0.0361,162750,650.0,RISE
2018-11-27,12500.0,12600.0,12600.0,12400.0,1997.0,-527,223,304,0.0361,155193,150.0,RISE
2018-11-26,12350.0,13050.0,13050.0,11950.0,154607.0,-50628,-23,50651,0.0361,154889,750.0,FALL
2018-11-23,13100.0,13100.0,13200.0,13000.0,957.0,33,-24,-9,0.0361,104238,50.0,FALL
2018-11-22,13150.0,13100.0,13150.0,13000.0,1466.0,43,-23,-20,0.0361,104247,50.0,RISE
2018-11-21,13100.0,13450.0,13450.0,13100.0,5064.0,2463,-22,-2441,0.0361,104267,350.0,FALL
2018-11-20,13450.0,13450.0,13450.0,13250.0,196.0,21,-10,-11,0.0361,106708,0.0,EVEN
2018-11-19,13450.0,13300.0,13450.0,13250.0,551.0,-515,-24,539,0.0361,106719,150.0,RISE
2018-11-16,13300.0,13050.0,13350.0,13050.0,1264.0,-223,-34,257,0.0361,106180,100.0,RISE
2018-11-15,13200.0,13150.0,13250.0,13000.0,1125.0,3,-34,31,0.0361,105923,100.0,RISE
2018-11-14,13100.0,13400.0,13450.0,12550.0,9841.0,2992,-2994,2,0.0361,105892,300.0,FALL
2018-11-13,13400.0,13300.0,13400.0,13150.0,713.0,229,-230,1,0.0363,105890,50.0,RISE
2018-11-12,13350.0,13300.0,13400.0,13250.0,203.0,39,-31,-8,0.0363,105889,100.0,FALL
2018-11-09,13450.0,13300.0,13450.0,13100.0,716.0,-199,127,72,0.0363,105897,150.0,RISE
2018-11-08,13300.0,13300.0,13350.0,13200.0,72.0,-31,-1,32,0.0363,105825,0.0,EVEN
2018-11-07,13300.0,13400.0,13450.0,13200.0,98.0,-3,0,3,0.0363,105793,0.0,EVEN
2018-11-06,13300.0,13550.0,13550.0,13200.0,1613.0,1524,-586,-938,0.0363,105790,250.0,FALL
2018-11-05,13550.0,13200.0,13550.0,13200.0,2934.0,-1184,-46,1230,0.0364,106728,50.0,RISE
2018-11-02,13500.0,13400.0,13550.0,13350.0,4016.0,2829,98,-2927,0.0364,105498,50.0,FALL
2018-11-01,13550.0,13300.0,13550.0,13250.0,645.0,-367,-33,400,0.0363,108425,100.0,RISE
2018-10-31,13450.0,13250.0,13450.0,13200.0,853.0,-566,-43,609,0.0364,108025,50.0,RISE
2018-10-30,13400.0,13400.0,13500.0,12850.0,2628.0,-2196,-46,2242,0.0364,107416,100.0,RISE
2018-10-29,13300.0,13350.0,13550.0,13150.0,4279.0,-277,-44,321,0.0364,105174,200.0,FALL
2018-10-26,13500.0,12850.0,13800.0,12850.0,8664.0,5800,-43,-5757,0.0364,104853,600.0,RISE
2018-10-25,12900.0,12550.0,13000.0,12550.0,3474.0,-192,-43,235,0.0364,110610,150.0,FALL
2018-10-24,13050.0,12950.0,13250.0,12750.0,4048.0,-2783,-125,2908,0.0364,110375,0.0,EVEN
2018-10-23,13050.0,13350.0,13350.0,13050.0,692.0,23,-132,109,0.0364,107467,150.0,FALL
2018-10-22,13200.0,13100.0,13350.0,13050.0,193.0,0,-10,10,0.0364,107358,100.0,FALL
2018-10-19,13300.0,13400.0,13400.0,13100.0,2046.0,-124,-345,469,0.0364,107348,100.0,FALL
2018-10-18,13400.0,13350.0,13400.0,13150.0,25510.0,15515,-94,-15421,0.0364,106879,50.0,FALL
2018-10-17,13450.0,13450.0,13550.0,13350.0,800.0,-310,-243,553,0.0364,122300,0.0,EVEN
2018-10-16,13450.0,13800.0,13850.0,13350.0,3447.0,1224,1005,-2229,0.0364,121747,400.0,FALL
2018-10-15,13850.0,13750.0,13900.0,13600.0,275.0,-30,-14,44,0.0364,123976,100.0,RISE
2018-10-12,13750.0,12800.0,13750.0,12800.0,8538.0,3622,1130,-4752,0.0364,123932,850.0,RISE
2018-10-11,12900.0,13850.0,13850.0,12900.0,12540.0,-1054,1046,8,0.0363,128684,600.0,FALL
2018-10-10,13500.0,13500.0,14000.0,13500.0,1209.0,-108,145,-37,0.0362,128676,0.0,EVEN
2018-10-08,13500.0,14450.0,14450.0,13500.0,1015.0,29,-46,17,0.0362,128713,450.0,FALL
2018-10-05,13950.0,13350.0,13950.0,13350.0,6373.0,-5021,150,4871,0.0362,128696,400.0,RISE
2018-10-04,13550.0,13550.0,13600.0,13350.0,2520.0,-569,535,34,0.0362,123825,50.0,FALL
2018-10-02,13600.0,13700.0,13700.0,13500.0,1117.0,-169,147,22,0.0361,123791,50.0,FALL
2018-10-01,13650.0,13600.0,13650.0,13500.0,285.0,-18,-14,32,0.0361,123769,50.0,RISE
2018-09-28,13600.0,13400.0,13600.0,13400.0,1541.0,-1024,-45,1069,0.0361,123737,50.0,RISE
2018-09-27,13550.0,13550.0,13600.0,13200.0,5927.0,2970,-3400,430,0.0361,122668,150.0,RISE
2018-09-21,13400.0,13400.0,13600.0,13400.0,1067.0,578,-706,128,0.0364,122238,50.0,FALL
2018-09-20,13450.0,13650.0,13650.0,13400.0,492.0,61,-54,-7,0.0364,122110,200.0,FALL
2018-09-19,13650.0,13650.0,13650.0,13350.0,18332.0,3555,-9343,5788,0.0364,122117,150.0,RISE
2018-09-18,13500.0,13800.0,14100.0,13500.0,13797.0,-2155,-5803,7958,0.0371,116329,100.0,FALL
2018-09-17,13600.0,13600.0,13900.0,13600.0,258.0,70,-14,-56,0.0375,108371,200.0,FALL
2018-09-14,13800.0,13750.0,13900.0,13500.0,4250.0,-1595,134,1461,0.0375,108427,150.0,RISE
2018-09-13,13650.0,13500.0,13650.0,13200.0,8530.0,-56,134,-78,0.0375,106966,100.0,RISE
2018-09-12,13550.0,13500.0,13550.0,13400.0,680.0,-288,109,179,0.0375,107044,50.0,RISE
2018-09-11,13500.0,13350.0,13600.0,13350.0,5210.0,-1356,-77,1433,0.0375,106865,100.0,RISE
2018-09-10,13400.0,13550.0,13600.0,13350.0,2184.0,-1873,-74,1947,0.0375,105432,150.0,FALL
2018-09-07,13550.0,13400.0,13550.0,13400.0,6347.0,-5924,-64,5988,0.0375,103485,150.0,RISE
2018-09-06,13400.0,13300.0,13400.0,13150.0,2971.0,-936,-68,1004,0.0375,97497,50.0,RISE
2018-09-05,13350.0,13350.0,13450.0,13050.0,5007.0,-2507,-589,3096,0.0375,96493,0.0,EVEN
2018-09-04,13350.0,13000.0,13400.0,13000.0,10198.0,-4581,-1536,6117,0.0376,93397,300.0,RISE
2018-09-03,13050.0,12950.0,13150.0,12950.0,454.0,38,121,-159,0.0377,87280,100.0,RISE
2018-08-31,12950.0,12950.0,13200.0,12950.0,2499.0,-775,500,275,0.0377,87439,150.0,FALL
2018-08-30,13100.0,13000.0,13300.0,12900.0,60750.0,48229,-81,-48148,0.0377,87164,0.0,EVEN
2018-08-29,13100.0,12900.0,13150.0,12850.0,2571.0,-1269,446,823,0.0377,135312,150.0,RISE
2018-08-28,12950.0,13350.0,13350.0,12950.0,38598.0,19585,-1422,-18163,0.0376,134489,550.0,FALL
2018-08-27,13500.0,13100.0,13500.0,13050.0,6672.0,-4603,-591,5194,0.0377,152652,200.0,RISE
2018-08-24,13300.0,13150.0,13300.0,13100.0,1682.0,-1064,359,705,0.0378,147458,0.0,EVEN
2018-08-23,13300.0,13250.0,13300.0,13100.0,595.0,-281,170,111,0.0377,146753,50.0,RISE
2018-08-22,13250.0,13400.0,13550.0,12900.0,4213.0,-636,326,310,0.0,146642,200.0,FALL
2018-08-21,13450.0,13550.0,13550.0,13350.0,755.0,-21,20,1,-0.0001,146332,100.0,FALL
2018-08-20,13550.0,13750.0,13750.0,13400.0,911.0,-352,112,240,-0.0001,146331,50.0,FALL
2018-08-17,13600.0,13550.0,13600.0,13350.0,1504.0,-262,42,220,-0.0001,146091,50.0,RISE
2018-08-16,13550.0,13450.0,13600.0,13200.0,3712.0,-373,413,-40,-0.0001,145871,100.0,RISE
2018-08-14,13450.0,13350.0,13500.0,13250.0,862.0,-275,100,175,-0.0001,145911,50.0,FALL
2018-08-13,13500.0,13350.0,13650.0,13100.0,1246.0,355,-60,-295,-0.0001,145736,50.0,FALL
2018-08-10,13550.0,13250.0,13600.0,13250.0,1997.0,-1649,422,1227,-0.0001,146031,200.0,RISE
2018-08-09,13350.0,13100.0,13400.0,13050.0,4495.0,1531,-2047,516,-0.0001,144804,100.0,RISE
2018-08-08,13250.0,13100.0,13300.0,13100.0,123.0,7,0,-7,0.0,144288,50.0,FALL
2018-08-07,13300.0,13300.0,13300.0,13050.0,1243.0,-246,295,-49,0.0378,144295,0.0,EVEN
2018-08-06,13300.0,13400.0,13400.0,13250.0,1870.0,-128,276,-148,0.0378,144344,0.0,EVEN
2018-08-03,13300.0,13300.0,13400.0,13200.0,514.0,8,-6,-2,0.0377,144492,100.0,FALL
2018-08-02,13400.0,13250.0,13500.0,13150.0,3764.0,-3190,1313,1877,0.0377,144494,250.0,RISE
2018-08-01,13150.0,13050.0,13250.0,13050.0,1234.0,-700,405,295,0.0376,142617,100.0,RISE
2018-07-31,13050.0,12550.0,13050.0,12500.0,6162.0,-3200,1602,1598,0.0376,142322,350.0,RISE
2018-07-30,12700.0,13250.0,13250.0,12600.0,11065.0,4915,1092,-6007,0.0375,140724,350.0,FALL
2018-07-27,13050.0,12700.0,13200.0,12600.0,4803.0,-3193,568,2625,0.0374,146731,400.0,RISE
2018-07-26,12650.0,13000.0,13000.0,12600.0,11461.0,6081,-384,-5697,0.0374,144106,350.0,FALL
2018-07-25,13000.0,12900.0,13100.0,12550.0,18942.0,9567,-305,-9262,0.0374,149803,50.0,RISE
2018-07-24,12950.0,13050.0,13050.0,12850.0,2448.0,222,-156,-66,0.0374,159065,100.0,FALL
2018-07-23,13050.0,13000.0,13300.0,12700.0,29575.0,2730,19951,-22681,0.0374,159131,100.0,RISE
2018-07-20,12950.0,13400.0,13400.0,12900.0,58347.0,31911,12516,-44427,0.036000000000000004,181812,450.0,FALL
2018-07-19,13400.0,13300.0,13500.0,13250.0,3543.0,-302,985,-683,0.0351,226239,50.0,FALL
2018-07-18,13450.0,13900.0,13900.0,13450.0,9053.0,5136,1312,-6448,0.035,226922,450.0,FALL
2018-07-17,13900.0,13850.0,13900.0,13800.0,631.0,92,-8,-84,0.0349,233370,0.0,EVEN
2018-07-16,13900.0,14000.0,14100.0,13650.0,37393.0,-3843,27441,-23598,0.0349,233454,150.0,FALL
2018-07-13,14050.0,13750.0,14050.0,13750.0,762.0,-456,-2,458,0.0329,257052,50.0,RISE
2018-07-12,14000.0,14000.0,14000.0,13850.0,2351.0,-1238,553,685,0.0329,256594,0.0,EVEN
2018-07-11,14000.0,14050.0,14050.0,13900.0,842.0,-120,-8,128,0.0329,255909,50.0,FALL
2018-07-10,14050.0,14150.0,14150.0,13800.0,3576.0,-265,-104,369,0.0329,255781,50.0,RISE
2018-07-09,14000.0,13900.0,14150.0,13800.0,16643.0,-314,883,-569,0.0329,255412,50.0,RISE
2018-07-06,13950.0,14050.0,14150.0,13950.0,1712.0,551,-548,-3,0.0328,255981,100.0,FALL
2018-07-05,14050.0,13700.0,14100.0,13600.0,5034.0,-1721,-216,1937,0.0329,255984,350.0,RISE
2018-07-04,13700.0,13750.0,13750.0,13650.0,2214.0,-1742,459,1283,0.0329,254047,50.0,RISE
2018-07-03,13650.0,13600.0,13850.0,13550.0,4637.0,-1768,-321,2089,0.0328,252764,50.0,RISE
2018-07-02,13600.0,14100.0,14200.0,13500.0,5862.0,-876,607,269,0.0329,250675,500.0,FALL
2018-06-29,14100.0,13650.0,14100.0,13650.0,1500.0,-528,311,217,0.0328,250406,350.0,RISE
2018-06-28,13750.0,14100.0,14300.0,13750.0,9161.0,-6209,-762,6971,0.0328,250189,350.0,FALL
2018-06-27,14100.0,14100.0,14150.0,13600.0,2719.0,-611,285,326,0.0328,243218,250.0,RISE
2018-06-26,13850.0,13850.0,13900.0,13350.0,1978.0,-660,437,223,0.0328,242892,100.0,RISE
2018-06-25,13750.0,13400.0,13850.0,13350.0,1088.0,-609,306,303,0.0328,242669,350.0,RISE
2018-06-22,13400.0,13550.0,14350.0,13400.0,7341.0,2955,-2108,-847,0.0328,242366,350.0,FALL
2018-06-21,13750.0,13600.0,14200.0,13400.0,5219.0,-4110,-164,4274,0.0329,243213,200.0,RISE
2018-06-20,13550.0,13600.0,13850.0,13350.0,4190.0,-275,434,-159,0.0329,238939,100.0,FALL
2018-06-19,13650.0,13450.0,13850.0,13250.0,7439.0,-421,983,-562,0.033,239098,0.0,EVEN
2018-06-18,13650.0,13250.0,13950.0,13100.0,6079.0,-4150,2104,2046,0.0329,239660,450.0,RISE
2018-06-15,13200.0,13200.0,13900.0,13200.0,22838.0,1950,4087,-6037,0.0328,237614,100.0,FALL
2018-06-14,13300.0,13650.0,14200.0,13300.0,16979.0,-1460,5613,-4153,0.0325,243651,200.0,FALL
2018-06-12,13500.0,13500.0,13900.0,13450.0,10185.0,400,-3040,2640,0.0321,247804,50.0,FALL
2018-06-11,13550.0,13500.0,14000.0,13400.0,6316.0,-504,-918,1422,0.0324,245164,50.0,RISE
2018-06-08,13500.0,13650.0,14250.0,13500.0,10819.0,2069,-604,-1465,0.0325,243742,150.0,FALL
2018-06-07,13650.0,13900.0,14000.0,13400.0,10911.0,-520,-3052,3572,0.0325,245207,50.0,FALL
2018-06-05,13700.0,13250.0,13700.0,13200.0,1872.0,-366,11,355,0.0327,241635,400.0,RISE
2018-06-04,13300.0,13450.0,13900.0,13250.0,3913.0,502,-926,424,0.0327,241280,200.0,FALL
2018-06-01,13500.0,13100.0,13700.0,13000.0,8095.0,-5794,658,5136,0.0327,240856,500.0,RISE
2018-05-31,13000.0,13100.0,13300.0,12950.0,36939.0,1765,-2684,919,0.0327,235720,100.0,FALL
2018-05-30,13100.0,13500.0,13500.0,13100.0,5385.0,4639,-4133,-506,0.0329,234801,350.0,FALL
2018-05-29,13450.0,13900.0,13900.0,13450.0,12518.0,2511,-5234,2723,0.0332,235307,450.0,FALL
2018-05-28,13900.0,14800.0,14800.0,13900.0,8497.0,2854,-2866,12,0.0336,232584,300.0,FALL
2018-05-25,14200.0,14400.0,14500.0,13950.0,12883.0,2256,-3998,1742,0.0336,232572,100.0,FALL
2018-05-24,14300.0,14200.0,14700.0,14150.0,11696.0,4052,-2166,-1886,0.0339,230830,100.0,RISE
2018-05-23,14200.0,14400.0,14400.0,14100.0,8010.0,-9,-1877,1886,0.0341,232716,200.0,FALL
2018-05-21,14400.0,14650.0,14750.0,14350.0,16678.0,2772,-3518,746,0.0342,230830,250.0,FALL
2018-05-18,14650.0,13950.0,14650.0,13750.0,24107.0,-7443,-3984,11427,0.0344,230084,700.0,RISE
2018-05-17,13950.0,13900.0,14050.0,13600.0,25012.0,-4553,-1325,5878,0.0347,218657,0.0,EVEN
2018-05-16,13950.0,13400.0,17550.0,13300.0,195750.0,7051,-3240,-3811,0.0348,212779,400.0,RISE
2018-05-15,13550.0,13600.0,13600.0,13400.0,1649.0,296,24,-320,0.0349,216590,150.0,FALL
2018-05-14,13700.0,13750.0,14050.0,13400.0,7389.0,1712,-560,-1152,0.0349,216910,150.0,RISE
2018-05-11,13550.0,13400.0,13600.0,13300.0,1681.0,-383,278,105,0.0349,218062,200.0,RISE
2018-05-10,13350.0,13600.0,13600.0,13300.0,7044.0,-3203,2059,1144,0.0349,217957,250.0,FALL
2018-05-09,13600.0,13500.0,13650.0,13300.0,3721.0,185,242,-427,0.0347,216813,50.0,RISE
2018-05-08,13550.0,13250.0,13550.0,13250.0,2681.0,-2320,773,1547,0.0347,217240,50.0,RISE
2018-05-04,13500.0,13400.0,13500.0,13150.0,1490.0,126,120,-246,0.0347,215693,100.0,RISE
2018-05-03,13400.0,13750.0,13850.0,13400.0,3427.0,824,-240,-584,0.0347,215939,450.0,FALL
2018-05-02,13850.0,14000.0,14100.0,13700.0,3536.0,442,-363,-79,0.0347,216523,50.0,RISE
2018-04-30,13800.0,14050.0,14150.0,13800.0,2643.0,252,-85,-167,0.0347,216602,300.0,FALL
2018-04-27,14100.0,14200.0,14300.0,14100.0,11596.0,7938,44,-7982,0.0347,216769,50.0,FALL
2018-04-26,14150.0,14150.0,14250.0,14000.0,17517.0,13400,-429,-12971,0.0347,224751,0.0,EVEN
2018-04-25,14150.0,14050.0,14350.0,13900.0,16790.0,6114,424,-6538,0.0347,237722,100.0,RISE
2018-04-24,14050.0,13900.0,14100.0,13800.0,7704.0,1571,-488,-1083,0.0347,244260,250.0,RISE
2018-04-23,13800.0,13800.0,13950.0,13500.0,14855.0,811,2421,-3232,0.0347,245343,0.0,EVEN
2018-04-20,13800.0,14000.0,14000.0,13750.0,15668.0,6371,-4384,-1987,0.0346,248575,250.0,FALL
2018-04-19,14050.0,14100.0,14100.0,13800.0,12404.0,-3646,691,2955,0.0349,250562,50.0,FALL
2018-04-18,14100.0,14100.0,14400.0,14000.0,5180.0,1123,1000,-2123,0.0348,247607,200.0,FALL
2018-04-17,14300.0,14600.0,14600.0,13950.0,9541.0,1014,-3458,2444,0.0348,249730,100.0,RISE
2018-04-16,14200.0,14700.0,14700.0,13950.0,18530.0,2598,-1184,-1414,0.035,247286,0.0,EVEN
2018-04-13,14200.0,14450.0,14600.0,14150.0,13922.0,2122,-4919,2797,0.0351,248700,350.0,FALL
2018-04-12,14550.0,14200.0,14650.0,13900.0,42440.0,-1539,-21603,23142,0.0355,245903,500.0,RISE
2018-04-11,14050.0,14150.0,14600.0,13950.0,4130.0,-1165,407,758,0.037000000000000005,222761,100.0,FALL
2018-04-10,14150.0,14200.0,14550.0,14000.0,9659.0,-104,-710,814,0.037000000000000005,222003,250.0,FALL
2018-04-09,14400.0,13650.0,14500.0,13550.0,33481.0,9475,1910,-11385,0.037000000000000005,221189,700.0,RISE
2018-04-06,13700.0,13500.0,13900.0,13350.0,8038.0,-1667,1392,275,0.0369,232574,200.0,RISE
2018-04-05,13500.0,13250.0,13750.0,13150.0,10248.0,-3803,-138,3941,0.0368,232299,250.0,RISE
2018-04-04,13250.0,14150.0,14250.0,13250.0,23579.0,8844,-5319,-3525,0.0368,228358,900.0,FALL
2018-04-03,14150.0,13600.0,14500.0,13300.0,36735.0,-12939,-2464,15403,0.0372,231883,550.0,RISE
2018-04-02,13600.0,14150.0,14150.0,13600.0,18090.0,-5741,1434,4307,0.0374,216480,550.0,FALL
2018-03-30,14150.0,13400.0,14700.0,13350.0,59672.0,-25070,351,24719,0.0373,212173,750.0,RISE
2018-03-29,13400.0,13450.0,13600.0,13350.0,905.0,330,-333,3,0.0372,187454,50.0,FALL
2018-03-28,13450.0,13350.0,13650.0,13300.0,5587.0,67,1466,-1533,0.0373,187451,150.0,FALL
2018-03-27,13600.0,13550.0,13850.0,13350.0,5871.0,-2542,942,1600,0.0372,188984,0.0,EVEN
2018-03-26,13600.0,13550.0,13950.0,13150.0,7065.0,80,-1668,1588,0.0371,187384,50.0,RISE
2018-03-23,13550.0,13400.0,14350.0,12700.0,37264.0,-14517,135,14382,0.0372,185796,150.0,RISE
2018-03-22,13400.0,13550.0,13600.0,13250.0,14407.0,-4940,845,4095,0.0372,171414,150.0,FALL
2018-03-21,13550.0,13600.0,13800.0,13150.0,16065.0,-5068,836,4232,0.0371,167319,0.0,EVEN
2018-03-20,13550.0,13750.0,14050.0,13400.0,19303.0,3343,315,-3658,0.0371,163087,450.0,FALL
2018-03-19,14000.0,14400.0,14650.0,13900.0,15856.0,4894,-2045,-2849,0.0371,166745,450.0,FALL
2018-03-16,14450.0,14650.0,14800.0,14450.0,6273.0,-340,-668,1008,0.0372,169594,250.0,FALL
2018-03-15,14700.0,14750.0,14950.0,14550.0,10373.0,-3636,-890,4526,0.0373,168586,200.0,FALL
2018-03-14,14900.0,15100.0,15250.0,14850.0,1631.0,22,-6,-16,0.0373,164060,200.0,FALL
2018-03-13,15100.0,15450.0,15750.0,15050.0,19891.0,3775,-77,-3698,0.0373,164076,350.0,FALL
2018-03-12,15450.0,14700.0,15450.0,14350.0,19623.0,-2606,-999,3605,0.0373,167774,800.0,RISE
2018-03-09,14650.0,15100.0,15300.0,14350.0,82829.0,14435,-1067,-13368,0.0374,164169,500.0,FALL
2018-03-08,15150.0,15150.0,15150.0,14950.0,11186.0,-603,-1541,2144,0.0375,177537,50.0,FALL
2018-03-07,15200.0,15200.0,15250.0,14900.0,14500.0,4940,-1135,-3805,0.0376,175393,50.0,FALL
2018-03-06,15250.0,15450.0,15600.0,15150.0,13470.0,413,-2238,1825,0.0377,179198,150.0,FALL
2018-03-05,15400.0,15300.0,15400.0,14800.0,22646.0,866,92,-958,0.0378,177373,200.0,RISE
2018-03-02,15200.0,14900.0,15450.0,14650.0,16734.0,-2065,-792,2857,0.0378,178331,100.0,RISE
2018-02-28,15100.0,14950.0,15300.0,14650.0,26479.0,-2824,3958,-1134,0.0379,175474,100.0,RISE
2018-02-27,15000.0,15450.0,15600.0,14950.0,40308.0,6128,-4515,-1613,0.0376,176608,400.0,FALL
2018-02-26,15400.0,14450.0,17700.0,14400.0,198377.0,13868,-5947,-7921,0.0377,178221,950.0,RISE
2018-02-23,14450.0,13850.0,14500.0,13750.0,32631.0,-359,-3460,3819,0.0381,186142,500.0,RISE
2018-02-22,13950.0,13850.0,14000.0,13750.0,5851.0,-2213,-1115,3328,0.0384,182323,100.0,RISE
2018-02-21,13850.0,13850.0,14250.0,13750.0,19586.0,-6966,-99,7065,0.0385,178995,0.0,EVEN
2018-02-20,13850.0,13950.0,14000.0,13800.0,20482.0,-52,-3761,3813,0.0385,171930,100.0,FALL
2018-02-19,13950.0,13700.0,14150.0,13550.0,25704.0,-9606,-2893,12499,0.0388,168117,250.0,RISE
2018-02-14,13700.0,13500.0,13750.0,13400.0,19814.0,809,-6492,5683,0.039,155618,100.0,RISE
2018-02-13,13600.0,13600.0,13950.0,13550.0,19227.0,3716,-6369,2653,0.0394,149935,0.0,EVEN
2018-02-12,13600.0,13600.0,13950.0,13350.0,32815.0,-14150,-1123,15273,0.0399,147282,0.0,EVEN
2018-02-09,13600.0,13750.0,14000.0,13450.0,7291.0,-1503,-179,1682,0.04,132009,150.0,FALL
2018-02-08,13750.0,13450.0,14150.0,13300.0,37995.0,-15383,5408,9975,0.04,130327,250.0,RISE
2018-02-07,13500.0,13450.0,14000.0,13450.0,19010.0,-5362,-235,5597,0.0396,120352,100.0,RISE
2018-02-06,13400.0,13850.0,13850.0,13400.0,28438.0,-5723,1506,4217,0.0396,114755,550.0,FALL
2018-02-05,13950.0,14000.0,14000.0,13200.0,37666.0,-11977,-2667,14644,0.0395,110538,0.0,EVEN
2018-02-02,13950.0,13850.0,14600.0,13650.0,68492.0,18290,1327,-19617,0.0397,95894,100.0,RISE
2018-02-01,13850.0,13250.0,13950.0,13250.0,21484.0,-14125,338,13787,0.0396,115511,450.0,RISE
2018-01-31,13400.0,13450.0,13750.0,13350.0,22601.0,867,-111,-756,0.0396,101724,200.0,FALL
2018-01-30,13600.0,13600.0,13650.0,13300.0,41406.0,-14353,545,13808,0.0396,102480,0.0,EVEN
2018-01-29,13600.0,13600.0,13700.0,13100.0,44483.0,4381,656,-5037,0.0396,88672,0.0,EVEN
2018-01-26,13600.0,13750.0,14250.0,13350.0,32288.0,641,-2212,1571,0.0395,93709,150.0,FALL
2018-01-25,13750.0,13350.0,13800.0,13200.0,67526.0,19665,-24258,4593,0.0397,92138,300.0,RISE
2018-01-24,13450.0,13700.0,13700.0,13250.0,21743.0,-1275,-2211,3486,0.0414,87545,50.0,FALL
2018-01-23,13500.0,13350.0,13550.0,12850.0,75201.0,-2087,-5374,7461,0.0416,84059,400.0,RISE
2018-01-22,13100.0,13150.0,13500.0,12700.0,56209.0,-1175,-390,1565,0.042,76598,200.0,RISE
2018-01-19,12900.0,12800.0,12950.0,12550.0,23320.0,398,-3355,2957,0.042,75033,200.0,RISE
2018-01-18,12700.0,12400.0,12800.0,12200.0,25926.0,-10197,6032,4165,0.0423,72076,300.0,RISE
2018-01-17,12400.0,12350.0,12500.0,12150.0,22459.0,-4799,619,4180,0.0418,67911,100.0,RISE
2018-01-16,12300.0,12200.0,12400.0,12150.0,12320.0,-1925,-1247,3172,0.0418,63731,0.0,EVEN
2018-01-15,12300.0,12150.0,12350.0,12050.0,21894.0,-4806,-356,5162,0.0419,60559,150.0,RISE
2018-01-12,12150.0,12400.0,12750.0,12050.0,44593.0,21285,-2421,-18864,0.0419,55397,250.0,FALL
2018-01-11,12400.0,12200.0,12700.0,11900.0,81247.0,12415,-6836,-5579,0.0421,74261,200.0,RISE
2018-01-10,12200.0,11550.0,12200.0,11350.0,52141.0,-7625,-5928,13553,0.0426,79840,550.0,RISE
2018-01-09,11650.0,10950.0,11650.0,10950.0,94499.0,-23036,2055,20981,0.043,66287,750.0,RISE
2018-01-08,10900.0,11450.0,11450.0,10900.0,43879.0,9645,-11896,2251,0.0428,45306,250.0,FALL
2018-01-05,11150.0,11500.0,11500.0,11150.0,21716.0,8548,-10116,1568,0.0437,43055,0.0,EVEN
2018-01-04,11150.0,11350.0,11550.0,10850.0,42323.0,-4848,-3828,8676,0.0444,41487,0.0,EVEN
2018-01-03,11150.0,10400.0,11200.0,10300.0,58954.0,1295,-4089,2794,0.0447,32811,850.0,RISE
2018-01-02,10300.0,10300.0,10300.0,10000.0,21671.0,-1310,-2899,4209,0.045,30017,150.0,RISE
2017-12-28,10150.0,10150.0,10450.0,10050.0,31071.0,-11542,2382,9160,0.0452,25808,100.0,RISE
2017-12-27,10050.0,9950.0,10200.0,9910.0,18485.0,1310,-2601,1291,0.045,16648,100.0,RISE
2017-12-26,9950.0,9900.0,10200.0,9750.0,45901.0,-2519,-5489,8008,0.0452,15357,140.0,RISE
2017-12-22,9810.0,9920.0,9960.0,9690.0,60352.0,-22025,-6059,28084,0.0457,7349,160.0,FALL
2017-12-21,9970.0,10050.0,10050.0,9850.0,17378.0,2839,-3466,627,0.0461,-20735,30.0,RISE
2017-12-20,9940.0,9970.0,10050.0,9870.0,22614.0,-4803,-848,5651,0.0464,-21362,10.0,FALL
2017-12-19,9950.0,10150.0,10300.0,9800.0,99195.0,-11332,-768,12100,0.0464,-27013,150.0,FALL
2017-12-18,10100.0,10500.0,10500.0,10100.0,154257.0,-19856,-551,20407,0.0465,-39113,350.0,FALL
2017-12-15,10450.0,10700.0,11050.0,10450.0,221851.0,41137,-1579,-39558,0.0465,-59520,250.0,FALL
2017-12-14,10700.0,10800.0,10800.0,10500.0,117529.0,29804,-14149,-15655,0.0467,-19962,100.0,FALL
2017-12-13,10800.0,10900.0,11100.0,10700.0,90510.0,-5347,-2489,7836,0.0477,-4307,100.0,FALL
2017-12-12,10900.0,11150.0,11650.0,10900.0,89851.0,21650,-18010,-3640,0.0479,-12143,250.0,FALL
2017-12-11,11150.0,11200.0,11250.0,10750.0,99728.0,15892,-7389,-8503,0.0492,-8503,100.0,FALL
2017-12-08,11250.0,11600.0,11800.0,11250.0,77139.0,21746,-33376,11630,0.0497,11630,350.0,FALL
2017-12-07,11600.0,11700.0,11950.0,11100.0,126716.0,-43326,1899,41427,0.0521,41427,100.0,FALL
2017-12-06,11700.0,12400.0,12500.0,11700.0,187291.0,6618,12131,-18749,0.052000000000000005,-18749,700.0,FALL
2017-12-05,12400.0,12450.0,12600.0,12000.0,160020.0,-31679,805,30874,0.0511,30874,150.0,FALL
2017-12-04,12550.0,12600.0,12800.0,12500.0,126956.0,-29851,-7565,37416,0.0512,37416,0.0,EVEN
2017-12-01,12550.0,12700.0,13050.0,12400.0,290076.0,-69317,-226,69543,0.0517,69543,50.0,RISE
2017-11-30,12500.0,12600.0,13450.0,12350.0,657082.0,-63618,-63257,126875,0.0517,126875,0.0,EVEN
2017-11-29,12500.0,14500.0,15900.0,11650.0,1774104.0,229457,-104937,-124520,0.0563,-124520,2000.0,FALL
