,종가,시가,고가,저가,거래량,개인순매수,외국인순매수,기관순매수,외국인보유,기관보유량,전일비,변화
2020-06-02,41300.0,40700.0,41700.0,40400.0,86437.0,-21051,-6105,27156,0.0359,-198513,300.0,RISE
2020-06-01,41000.0,40300.0,41450.0,38950.0,160802.0,-59144,150,58994,0.0363,-225669,1400.0,RISE
2020-05-29,39600.0,38250.0,39900.0,38050.0,102068.0,-47217,17603,29614,0.0363,-284663,1350.0,RISE
2020-05-28,38250.0,39700.0,40400.0,37800.0,156718.0,-10178,16583,-6405,0.0351,-314277,1550.0,FALL
2020-05-27,39800.0,40500.0,40500.0,38700.0,139465.0,-23983,16587,7396,0.0341,-307872,400.0,RISE
2020-05-26,39400.0,39200.0,40900.0,39050.0,317253.0,-4431,-40575,45006,0.033,-315268,1050.0,RISE
2020-05-25,38350.0,36450.0,38400.0,35750.0,149323.0,-23746,3411,20335,0.0356,-360274,2050.0,RISE
2020-05-22,36300.0,35850.0,37250.0,35550.0,106390.0,-15564,-3180,18744,0.0354,-380609,800.0,RISE
2020-05-21,35500.0,35750.0,35750.0,34950.0,64337.0,4657,4196,-8853,0.0359,-399353,200.0,RISE
2020-05-20,35300.0,35650.0,36200.0,35150.0,85975.0,32381,-11599,-20782,0.0357,-390500,350.0,FALL
2020-05-19,35650.0,36400.0,36450.0,35200.0,116910.0,37594,4633,-42227,0.0364,-369718,750.0,FALL
2020-05-18,36400.0,37950.0,37950.0,36350.0,79854.0,22333,972,-23305,0.0361,-327491,1550.0,FALL
2020-05-15,37950.0,38200.0,38450.0,37300.0,40658.0,-294,-1470,1764,0.036000000000000004,-304186,50.0,RISE
2020-05-14,37900.0,38250.0,38900.0,37400.0,74402.0,3330,-4522,1192,0.0361,-305950,1000.0,FALL
2020-05-13,38900.0,38100.0,39600.0,38100.0,65926.0,5241,76,-5317,0.0364,-307142,300.0,FALL
2020-05-12,39200.0,38900.0,39500.0,37750.0,123539.0,-4697,10132,-5435,0.0364,-301825,450.0,RISE
2020-05-11,38750.0,38000.0,39000.0,37300.0,165642.0,-30939,26663,4276,0.0358,-296390,1750.0,RISE
2020-05-08,37000.0,36450.0,37000.0,36100.0,98061.0,-512,2086,-1574,0.034,-300666,1300.0,RISE
2020-05-07,35700.0,36200.0,37000.0,35150.0,88315.0,11824,4068,-15892,0.0339,-299092,300.0,FALL
2020-05-06,36000.0,37100.0,37100.0,35450.0,69528.0,15745,-11863,-3882,0.0336,-283200,0.0,EVEN
2020-05-04,36000.0,36000.0,36750.0,34750.0,60679.0,-9866,921,8945,0.0344,-279318,300.0,FALL
2020-04-29,36300.0,36400.0,38500.0,36000.0,168613.0,687,853,-1540,0.0344,-288263,500.0,RISE
2020-04-28,35800.0,34050.0,36650.0,34050.0,225925.0,-1722,-9591,11313,0.0343,-286723,2400.0,RISE
2020-04-27,33400.0,32400.0,34150.0,32200.0,61026.0,-652,-331,983,0.0349,-298036,1300.0,RISE
2020-04-24,32100.0,32850.0,32850.0,31700.0,38666.0,-4510,-4628,9138,0.0349,-299019,250.0,FALL
2020-04-23,32350.0,31300.0,32350.0,30900.0,41009.0,-2250,6087,-3837,0.0352,-308157,1400.0,RISE
2020-04-22,30950.0,31200.0,31200.0,29950.0,39061.0,3215,6059,-9274,0.0354,-304320,350.0,FALL
2020-04-21,31300.0,31500.0,31950.0,29800.0,44753.0,2467,254,-2721,0.035,-295046,650.0,FALL
2020-04-20,31950.0,32050.0,32650.0,31650.0,40964.0,2448,-77,-2371,0.0349,-292325,350.0,RISE
2020-04-17,31600.0,31650.0,31950.0,31100.0,52370.0,5335,-6712,1377,0.0349,-289954,100.0,RISE
2020-04-16,31500.0,31200.0,32000.0,30750.0,33432.0,5957,1756,-7713,0.0354,-291331,350.0,RISE
2020-04-14,31150.0,30000.0,31150.0,29950.0,36461.0,-10854,3350,7504,0.0353,-283618,1300.0,RISE
2020-04-13,29850.0,30450.0,30450.0,29450.0,40880.0,9329,-4316,-5013,0.035,-291122,650.0,FALL
2020-04-10,30500.0,29850.0,30750.0,29450.0,55894.0,-4149,-1847,5996,0.0353,-286109,650.0,RISE
2020-04-09,29850.0,29200.0,30000.0,28900.0,57941.0,-13866,1738,12128,0.0355,-292105,1250.0,RISE
2020-04-08,28600.0,28100.0,29150.0,27750.0,61174.0,12923,-5891,-7032,0.0353,-304233,100.0,FALL
2020-04-07,28700.0,28500.0,28900.0,27800.0,54566.0,-4092,6660,-2568,0.0357,-297201,1050.0,RISE
2020-04-06,27650.0,27950.0,28000.0,26600.0,40458.0,3626,-2573,-1053,0.0353,-294633,300.0,RISE
2020-04-03,27350.0,27500.0,28200.0,26850.0,38132.0,8825,-3283,-5542,0.0355,-293580,300.0,RISE
2020-04-02,27050.0,26000.0,28200.0,25850.0,61841.0,-4372,-9630,14002,0.0357,-288038,750.0,RISE
2020-04-01,26300.0,27500.0,28750.0,26300.0,67921.0,7158,-17858,10700,0.0363,-302040,500.0,FALL
2020-03-31,26800.0,25000.0,28550.0,25000.0,102045.0,-6808,-16168,22976,0.0375,-312740,2500.0,RISE
2020-03-30,24300.0,23500.0,24400.0,23000.0,40525.0,-380,-4627,5007,0.039,-335716,300.0,RISE
2020-03-27,24000.0,23800.0,24900.0,23300.0,83598.0,-12987,-8617,21604,0.0393,-340723,1000.0,RISE
2020-03-26,23000.0,22900.0,23500.0,22300.0,44937.0,12191,-12726,535,0.0399,-362327,100.0,RISE
2020-03-25,22900.0,22450.0,23400.0,21500.0,95679.0,-614,-8694,9308,0.0408,-362862,2450.0,RISE
2020-03-24,20450.0,18350.0,21000.0,18200.0,79501.0,-14915,8366,6549,0.0413,-372170,2550.0,RISE
2020-03-23,17900.0,18050.0,18850.0,17900.0,62074.0,15919,6459,-22378,0.0408,-378719,1900.0,FALL
2020-03-20,19800.0,19500.0,20050.0,19000.0,73273.0,9252,2223,-11475,0.0404,-356341,750.0,RISE
2020-03-19,19050.0,21550.0,21900.0,17250.0,131036.0,1792,6667,-8459,0.0402,-344866,2450.0,FALL
2020-03-18,21500.0,23050.0,23400.0,21500.0,43753.0,10216,-2764,-7452,0.0398,-336407,1150.0,FALL
2020-03-17,22650.0,21400.0,22650.0,20900.0,69991.0,-5342,12781,-7439,0.04,-328955,300.0,FALL
2020-03-16,22950.0,26000.0,26250.0,22200.0,93320.0,18734,10706,-29440,0.0392,-321516,2350.0,FALL
2020-03-13,25300.0,25400.0,27200.0,23400.0,116291.0,24708,10089,-34797,0.0385,-292076,2900.0,FALL
2020-03-12,28200.0,29050.0,29600.0,27700.0,63011.0,1103,6443,-7546,0.0378,-257279,1200.0,FALL
2020-03-11,29400.0,31100.0,31300.0,29150.0,50866.0,12775,-9043,-3732,0.0374,-249733,1500.0,FALL
2020-03-10,30900.0,30050.0,31400.0,30050.0,28037.0,-2661,-1496,4157,0.038,-246001,0.0,EVEN
2020-03-09,30900.0,31550.0,31550.0,29800.0,44973.0,-4361,-3784,8145,0.0379,-250158,1250.0,FALL
2020-03-06,32150.0,32350.0,32550.0,31750.0,23833.0,1239,-6765,5526,0.0382,-258303,450.0,FALL
2020-03-05,32600.0,32550.0,33250.0,32450.0,30797.0,1761,-4007,2246,0.0386,-263829,150.0,RISE
2020-03-04,32450.0,31650.0,32550.0,31600.0,38427.0,5904,-6636,732,0.0389,-266075,600.0,RISE
2020-03-03,31850.0,33200.0,33700.0,31850.0,46797.0,16975,-13799,-3176,0.0393,-266807,750.0,FALL
2020-03-02,32600.0,31500.0,33150.0,31450.0,31196.0,346,-7542,7196,0.0402,-263631,600.0,RISE
2020-02-28,32000.0,31000.0,32350.0,30600.0,56620.0,-14814,-5875,20689,0.0407,-270827,250.0,RISE
2020-02-27,31750.0,32500.0,32750.0,31400.0,40762.0,-5035,-982,6017,0.0411,-291516,650.0,FALL
2020-02-26,32400.0,32850.0,33500.0,32300.0,50454.0,18013,-3161,-14852,0.0412,-297533,1150.0,FALL
2020-02-25,33550.0,32450.0,33700.0,32350.0,35799.0,-430,970,-540,0.0414,-282681,650.0,RISE
2020-02-24,32900.0,33000.0,33500.0,32750.0,77635.0,-4057,16106,-12049,0.040999999999999995,-282141,1450.0,FALL
2020-02-21,34350.0,35400.0,35400.0,34250.0,51357.0,-2132,7082,-4950,0.0399,-270092,1150.0,FALL
2020-02-20,35500.0,35850.0,36250.0,35000.0,62474.0,176,7503,-7679,0.0397,-265142,350.0,FALL
2020-02-19,35850.0,37100.0,37500.0,35600.0,89572.0,40391,-8620,-31771,0.0393,-257463,1350.0,FALL
2020-02-18,37200.0,37500.0,37750.0,36950.0,38297.0,3895,-2012,-1883,0.0409,-225692,0.0,EVEN
2020-02-17,37200.0,38300.0,38300.0,37150.0,50495.0,12049,7796,-19845,0.040999999999999995,-223809,750.0,FALL
2020-02-14,37950.0,38650.0,38950.0,37850.0,50602.0,7997,4048,-12045,0.040999999999999995,-203964,450.0,FALL
2020-02-13,38400.0,39100.0,39100.0,37950.0,87983.0,36205,-4801,-31404,0.0408,-191919,500.0,FALL
2020-02-12,38900.0,39050.0,39350.0,38500.0,66746.0,9649,9078,-18727,0.0411,-160515,150.0,FALL
2020-02-11,39050.0,39500.0,39800.0,39050.0,56382.0,24166,-12474,-11692,0.0405,-141788,350.0,FALL
2020-02-10,39400.0,40000.0,40050.0,39200.0,27048.0,8329,-6644,-1685,0.0414,-130096,700.0,FALL
2020-02-07,40100.0,40150.0,40500.0,39200.0,70339.0,5800,-349,-5451,0.0419,-128411,550.0,FALL
2020-02-06,40650.0,40800.0,41250.0,39250.0,35357.0,-7302,3971,3331,0.042,-122960,150.0,FALL
2020-02-05,40800.0,40000.0,41000.0,39850.0,34673.0,-3084,9966,-6882,0.0418,-126291,800.0,RISE
2020-02-04,40000.0,39000.0,40450.0,39000.0,18178.0,-5458,3651,1807,0.0411,-119409,450.0,RISE
2020-02-03,39550.0,40300.0,40300.0,39000.0,27823.0,7736,-532,-7204,0.0408,-121216,950.0,FALL
2020-01-31,40500.0,40800.0,41200.0,39850.0,24864.0,-9380,2683,6697,0.0409,-114012,350.0,FALL
2020-01-30,40850.0,40850.0,41200.0,40450.0,29714.0,-13132,-5746,18878,0.0406,-120709,0.0,EVEN
2020-01-29,40850.0,40400.0,41450.0,39850.0,27072.0,-6543,-4225,10768,0.040999999999999995,-139587,500.0,RISE
2020-01-28,40350.0,39750.0,40850.0,39300.0,56877.0,-15932,-1304,17236,0.0412,-150355,500.0,FALL
2020-01-23,40850.0,40500.0,41400.0,40400.0,22476.0,-7664,1757,5907,0.0412,-167591,50.0,RISE
2020-01-22,40800.0,41000.0,41450.0,40500.0,21192.0,-1677,3064,-1387,0.040999999999999995,-173498,100.0,FALL
2020-01-21,40900.0,41900.0,41900.0,40800.0,25271.0,-1815,-4099,5914,0.0406,-172111,550.0,FALL
2020-01-20,41450.0,41200.0,42200.0,41100.0,95389.0,-25719,9948,15771,0.0409,-178025,650.0,RISE
2020-01-17,40800.0,40700.0,41300.0,40300.0,47299.0,-12369,16005,-3636,0.0403,-193796,250.0,RISE
2020-01-16,40550.0,39800.0,40600.0,39800.0,34093.0,602,7345,-7947,0.0392,-190160,400.0,RISE
2020-01-15,40150.0,39800.0,40350.0,39500.0,33489.0,2769,11803,-14572,0.0387,-182213,350.0,RISE
2020-01-14,39800.0,40350.0,40500.0,39550.0,28269.0,577,330,-907,0.0379,-167641,350.0,FALL
2020-01-13,40150.0,39550.0,40450.0,39350.0,35147.0,5250,-3151,-2099,0.0379,-166734,550.0,RISE
2020-01-10,39600.0,39450.0,39950.0,39200.0,26749.0,1735,2603,-4338,0.0381,-164635,100.0,RISE
2020-01-09,39500.0,39100.0,39950.0,39100.0,31464.0,-1665,6569,-4904,0.0379,-160297,850.0,RISE
2020-01-08,38650.0,39500.0,39850.0,38500.0,37972.0,7316,-2421,-4895,0.0374,-155393,1250.0,FALL
2020-01-07,39900.0,39700.0,40150.0,39500.0,23606.0,6938,586,-7524,0.0375,-150498,200.0,RISE
2020-01-06,39700.0,40150.0,40150.0,39400.0,30508.0,4020,6110,-10130,0.0375,-142974,450.0,FALL
2020-01-03,40150.0,40600.0,41100.0,40000.0,47728.0,13554,4388,-17942,0.037000000000000005,-132844,650.0,FALL
2020-01-02,40800.0,41150.0,41200.0,40450.0,33014.0,6477,3675,-10152,0.0367,-114902,450.0,FALL
2019-12-30,41250.0,41150.0,41400.0,40800.0,23229.0,-6565,-2428,8993,0.0365,-104750,300.0,RISE
2019-12-27,40950.0,41350.0,41550.0,40750.0,30257.0,6536,5366,-11902,0.0366,-113743,100.0,FALL
2019-12-26,41050.0,40250.0,41600.0,40250.0,44849.0,-25021,3150,21871,0.0363,-101841,750.0,RISE
2019-12-24,40300.0,40350.0,40700.0,40000.0,44312.0,5373,12240,-17613,0.036000000000000004,-123712,50.0,FALL
2019-12-23,40350.0,41450.0,41500.0,39900.0,101039.0,32885,22831,-55716,0.0352,-106099,1100.0,FALL
2019-12-20,41450.0,41550.0,42250.0,41000.0,47610.0,18638,2742,-21380,0.0337,-50383,250.0,FALL
2019-12-19,41700.0,41900.0,42150.0,41400.0,36096.0,11725,5777,-17502,0.0337,-29003,400.0,FALL
2019-12-18,42100.0,42100.0,42400.0,41700.0,33673.0,-3920,14917,-10997,0.0335,-11501,50.0,FALL
2019-12-17,42150.0,41950.0,42350.0,41350.0,43060.0,11091,-12772,1681,0.0326,-504,100.0,RISE
2019-12-16,42050.0,42000.0,42450.0,41650.0,32744.0,1612,10974,-12586,0.0334,-2185,50.0,RISE
2019-12-13,42000.0,41800.0,42150.0,41450.0,41582.0,2396,11209,-13605,0.0326,10401,200.0,RISE
2019-12-12,41800.0,42100.0,42500.0,41500.0,48426.0,22871,-2103,-20768,0.0319,24006,450.0,FALL
2019-12-11,42250.0,42450.0,42900.0,42000.0,20529.0,4420,-444,-3976,0.032,44774,350.0,FALL
2019-12-10,42600.0,42450.0,42950.0,42300.0,20721.0,-1597,10174,-8577,0.032,48750,200.0,RISE
2019-12-09,42400.0,43100.0,43700.0,42250.0,25281.0,6314,-2393,-3921,0.0314,57327,1200.0,FALL
2019-12-06,43600.0,42550.0,43750.0,42150.0,31460.0,-11717,6580,5137,0.0315,61248,850.0,RISE
2019-12-05,42750.0,42400.0,43150.0,42200.0,17639.0,-5122,2335,2787,0.0308,56111,150.0,RISE
2019-12-04,42600.0,42100.0,43000.0,42000.0,18314.0,-5482,-1232,6714,0.0306,53324,200.0,RISE
2019-12-03,42400.0,42700.0,42700.0,41900.0,24139.0,1262,2806,-4068,0.0311,46610,450.0,FALL
2019-12-02,42850.0,43250.0,43600.0,41850.0,31482.0,8405,-4985,-3420,0.0309,50678,500.0,FALL
2019-11-29,43350.0,43550.0,44100.0,43200.0,18576.0,-5156,1925,3231,0.0312,54098,400.0,FALL
2019-11-28,43750.0,43450.0,43900.0,43300.0,20359.0,-4816,-1283,6099,0.0311,50867,500.0,RISE
2019-11-27,43250.0,44000.0,44350.0,43200.0,25838.0,5990,-2109,-3881,0.0311,44768,750.0,FALL
2019-11-26,44000.0,44550.0,44600.0,43850.0,14696.0,3161,-892,-2269,0.0312,48649,300.0,FALL
2019-11-25,44300.0,43700.0,45650.0,43700.0,41085.0,-2549,-2808,5357,0.0313,50918,200.0,RISE
2019-11-22,44100.0,44100.0,44700.0,43250.0,25658.0,-7168,8694,-1526,0.0315,45561,0.0,EVEN
2019-11-21,44100.0,44300.0,44650.0,43500.0,24537.0,612,-4422,3810,0.0309,47087,200.0,FALL
2019-11-20,44300.0,44250.0,45000.0,43900.0,26950.0,7406,-5303,-2103,0.0315,43277,0.0,EVEN
2019-11-19,44300.0,44850.0,44900.0,44000.0,29145.0,-1261,-2838,4099,0.0319,45380,550.0,FALL
2019-11-18,44850.0,45250.0,45600.0,44550.0,30714.0,12328,-6586,-5742,0.0319,41281,550.0,FALL
2019-11-15,45400.0,45100.0,45700.0,44750.0,31874.0,4340,-8494,4154,0.0324,47023,100.0,RISE
2019-11-14,45300.0,45600.0,46000.0,45000.0,29082.0,3595,-6561,2966,0.0329,42869,550.0,FALL
2019-11-13,45850.0,46400.0,46400.0,45500.0,38626.0,4438,-5860,1422,0.0329,39903,450.0,FALL
2019-11-12,46300.0,43800.0,46400.0,43500.0,196837.0,-104589,95840,8749,0.0333,38481,2600.0,RISE
2019-11-11,43700.0,44900.0,44900.0,43350.0,62382.0,16499,-15293,-1206,0.0271,29732,800.0,FALL
2019-11-08,44500.0,44200.0,44600.0,43200.0,130718.0,-6614,19882,-13268,0.027999999999999997,30938,50.0,RISE
2019-11-07,44450.0,43350.0,44650.0,43000.0,61170.0,-28671,21836,6835,0.0267,44206,1000.0,RISE
2019-11-06,43450.0,44750.0,44750.0,43350.0,76941.0,35801,-2981,-32820,0.0253,37371,1150.0,FALL
2019-11-05,44600.0,45150.0,45200.0,44350.0,28174.0,6069,330,-6399,0.0254,70191,400.0,FALL
2019-11-04,45000.0,44800.0,45350.0,44450.0,65613.0,-6239,7683,-1444,0.0252,76590,1000.0,RISE
2019-11-01,44000.0,44300.0,44400.0,43350.0,31194.0,5466,3899,-9365,0.0246,78034,300.0,FALL
2019-10-31,44300.0,44450.0,44650.0,43600.0,22610.0,-12029,11562,467,0.0243,87399,200.0,RISE
2019-10-30,44100.0,44100.0,44900.0,43500.0,47346.0,-19169,17757,1412,0.0236,86932,100.0,RISE
2019-10-29,44000.0,43400.0,44250.0,42750.0,65499.0,-1193,15653,-14460,0.0226,85520,600.0,RISE
2019-10-28,43400.0,44000.0,44000.0,43200.0,21651.0,10087,-465,-9622,0.0216,99980,450.0,FALL
2019-10-25,43850.0,43850.0,44500.0,43400.0,24410.0,4604,-2060,-2544,0.0215,109602,100.0,RISE
2019-10-24,43750.0,43950.0,44250.0,43100.0,34059.0,8370,5085,-13455,0.0217,112146,250.0,FALL
2019-10-23,44000.0,45000.0,45550.0,43800.0,49486.0,19788,1938,-21726,0.0213,125601,1100.0,FALL
2019-10-22,45100.0,45800.0,45850.0,44600.0,52913.0,26137,-4054,-22083,0.0212,147327,450.0,FALL
2019-10-21,45550.0,46000.0,46950.0,45200.0,65196.0,-17768,7576,10192,0.0215,169410,350.0,RISE
2019-10-18,45200.0,45400.0,47200.0,45050.0,53786.0,2565,-7124,4559,0.021,159218,200.0,FALL
2019-10-17,45400.0,44200.0,45800.0,44000.0,81405.0,-31130,39287,-8157,0.0214,154659,1400.0,RISE
2019-10-16,44000.0,44700.0,44850.0,43500.0,62465.0,19656,-656,-19000,0.0188,162816,600.0,FALL
2019-10-15,44600.0,45100.0,45250.0,44450.0,18780.0,3030,4831,-7861,0.0189,181816,100.0,FALL
2019-10-14,44700.0,45000.0,45350.0,44350.0,28510.0,1983,-6626,4643,0.0185,189677,700.0,FALL
2019-10-11,45400.0,42750.0,45450.0,42750.0,58653.0,-22993,21722,1271,0.019,185034,2000.0,RISE
2019-10-10,43400.0,43950.0,44500.0,43200.0,40414.0,6055,-1629,-4426,0.0176,183763,950.0,FALL
2019-10-08,44350.0,44600.0,44600.0,43750.0,24503.0,1399,5040,-6439,0.0178,188189,50.0,RISE
2019-10-07,44300.0,45050.0,45700.0,44300.0,23684.0,839,1266,-2105,0.0175,194628,1200.0,FALL
2019-10-04,45500.0,45500.0,45700.0,44500.0,30326.0,-9980,11711,-1731,0.0174,196733,100.0,FALL
2019-10-02,45600.0,46100.0,46100.0,44200.0,45128.0,-3073,6346,-3273,0.0166,198464,400.0,FALL
2019-10-01,46000.0,45400.0,46200.0,44950.0,43109.0,-14342,5580,8762,0.0161,201737,600.0,RISE
2019-09-30,45400.0,44100.0,46100.0,44100.0,53796.0,-6714,-1155,7869,0.0156,192975,1000.0,RISE
2019-09-27,44400.0,44600.0,45050.0,43850.0,36493.0,-2456,-6278,8734,0.0157,185106,500.0,FALL
2019-09-26,44900.0,43800.0,45000.0,43450.0,68858.0,-37552,2678,34874,0.0161,176372,1350.0,RISE
2019-09-25,43550.0,42400.0,43950.0,42300.0,54419.0,-28877,7040,21837,0.016,141498,1200.0,RISE
2019-09-24,42350.0,42300.0,42750.0,42100.0,23279.0,-5156,2616,2540,0.0155,119661,300.0,FALL
2019-09-23,42650.0,42750.0,42750.0,41950.0,19699.0,-3123,-2866,5989,0.0153,117121,100.0,RISE
2019-09-20,42550.0,42450.0,42800.0,41600.0,9628.0,907,-479,-428,0.016,111132,150.0,RISE
2019-09-19,42400.0,42700.0,43150.0,42300.0,26785.0,3355,-3710,355,0.0161,111560,300.0,FALL
2019-09-18,42700.0,41650.0,43000.0,41500.0,55390.0,-29808,6512,23296,0.0163,111205,1200.0,RISE
2019-09-17,41500.0,41700.0,41700.0,41100.0,52468.0,16874,-255,-16619,0.016,87909,500.0,FALL
2019-09-16,42000.0,42400.0,42400.0,41500.0,28392.0,5107,-2930,-2177,0.016,104528,0.0,EVEN
2019-09-11,42000.0,42250.0,42750.0,41800.0,29567.0,13659,3133,-16792,0.0162,106705,300.0,FALL
2019-09-10,42300.0,42100.0,43350.0,41850.0,31401.0,1603,5660,-7263,0.0161,123497,250.0,FALL
2019-09-09,42550.0,44000.0,44050.0,42050.0,60362.0,28933,3992,-32925,0.0158,130760,1300.0,FALL
2019-09-06,43850.0,44700.0,44750.0,43350.0,20174.0,2149,1191,-3340,0.0155,163685,450.0,FALL
2019-09-05,44300.0,44350.0,44550.0,43850.0,38154.0,-9685,9273,412,0.0155,167025,500.0,RISE
2019-09-04,43800.0,41850.0,44350.0,41850.0,69439.0,-44390,41289,3101,0.0149,166613,2000.0,RISE
2019-09-03,41800.0,43050.0,43100.0,41450.0,32302.0,20626,-658,-19968,0.0115,163512,1400.0,FALL
2019-09-02,43200.0,43100.0,43950.0,42700.0,22681.0,-8486,664,7822,0.0116,183480,100.0,RISE
2019-08-30,43100.0,43100.0,43250.0,42350.0,33279.0,8366,-6686,-1680,0.0114,175658,50.0,FALL
2019-08-29,43150.0,43600.0,43700.0,42350.0,21715.0,3054,-5565,2511,0.0121,177338,600.0,FALL
2019-08-28,43750.0,42250.0,44150.0,42150.0,73515.0,-28472,-4113,32585,0.0124,174827,1150.0,RISE
2019-08-27,42600.0,41300.0,42600.0,40750.0,52943.0,-33342,-1121,34463,0.0127,142242,1850.0,RISE
2019-08-26,40750.0,41000.0,41950.0,40550.0,32993.0,-8945,-4127,13072,0.0128,107779,1200.0,FALL
2019-08-23,41950.0,41200.0,42250.0,40600.0,48625.0,-9990,1997,7993,0.013000000000000001,94707,250.0,RISE
2019-08-22,41700.0,40350.0,42000.0,40350.0,74661.0,-23610,698,22912,0.0129,86714,1400.0,RISE
2019-08-21,40300.0,40150.0,40750.0,39900.0,23305.0,3986,-3166,-820,0.0128,63802,250.0,FALL
2019-08-20,40550.0,40600.0,40800.0,40150.0,10934.0,1122,-711,-411,0.013000000000000001,64622,450.0,RISE
2019-08-19,40100.0,41000.0,41000.0,40050.0,16902.0,5052,-573,-4479,0.0129,65033,600.0,FALL
2019-08-16,40700.0,41300.0,41500.0,40500.0,19039.0,3941,-3938,-3,0.0127,69512,1050.0,FALL
2019-08-14,41750.0,40600.0,42000.0,40600.0,52130.0,-26652,745,25907,0.0123,69515,1050.0,RISE
2019-08-13,40700.0,41200.0,41250.0,39950.0,44284.0,-7650,-6063,13713,0.0123,43608,550.0,FALL
2019-08-12,41250.0,41750.0,41750.0,40500.0,39036.0,-3163,-1192,4355,0.0127,29895,50.0,FALL
2019-08-09,41300.0,41650.0,42200.0,40700.0,105496.0,-35859,11644,24215,0.0127,25540,1800.0,RISE
2019-08-08,39500.0,39400.0,41050.0,38650.0,65015.0,-17985,2524,15461,0.012,1325,1050.0,RISE
2019-08-07,38450.0,38950.0,39500.0,37600.0,39626.0,1847,-7913,6066,0.0118,-14136,500.0,FALL
2019-08-06,38950.0,36400.0,39500.0,36250.0,103243.0,-57823,-2435,60258,0.0123,-20202,1750.0,RISE
2019-08-05,37200.0,39500.0,40050.0,36400.0,90230.0,8183,4073,-12256,0.0125,-80460,3000.0,FALL
2019-08-02,40200.0,39400.0,41200.0,39100.0,31030.0,-7535,-365,7900,0.0122,-68204,100.0,FALL
2019-08-01,40300.0,42200.0,42200.0,40100.0,46777.0,19891,-11254,-8637,0.0122,-76104,1700.0,FALL
2019-07-31,42000.0,40700.0,42300.0,40700.0,39568.0,-8144,1874,6270,0.0127,-67467,550.0,RISE
2019-07-30,41450.0,40750.0,41750.0,40050.0,30188.0,-14852,971,13881,0.0125,-73737,700.0,RISE
2019-07-29,40750.0,41900.0,41900.0,38100.0,77102.0,-20904,-2703,23607,0.0125,-87618,1300.0,FALL
2019-07-26,42050.0,40550.0,42400.0,40550.0,41648.0,-9788,-10277,20065,0.0126,-111225,450.0,RISE
2019-07-25,41600.0,41100.0,41700.0,40300.0,57185.0,-14266,-431,14697,0.0132,-131290,50.0,FALL
2019-07-24,41650.0,41700.0,42350.0,40900.0,33134.0,779,755,-1534,0.0132,-145987,100.0,FALL
2019-07-23,41750.0,42950.0,43300.0,41500.0,52617.0,-8718,-3238,11956,0.0131,-144453,1200.0,FALL
2019-07-22,42950.0,42550.0,43250.0,42400.0,16858.0,-3025,-5819,8844,0.0125,-156409,450.0,FALL
2019-07-19,43400.0,43150.0,43950.0,41150.0,75287.0,-26982,-7986,34968,0.0125,-165253,250.0,RISE
2019-07-18,43150.0,42000.0,43850.0,42000.0,142588.0,-29926,-9133,39059,0.013000000000000001,-200221,1550.0,RISE
2019-07-17,41600.0,40550.0,41950.0,40550.0,55728.0,-5509,-8157,13666,0.0136,-239280,250.0,RISE
2019-07-16,41350.0,38450.0,42250.0,38400.0,159935.0,-41064,11638,29426,0.0141,-252946,3150.0,RISE
2019-07-15,38200.0,39850.0,39850.0,37800.0,58195.0,23449,924,-24373,0.0143,-282372,1650.0,FALL
2019-07-12,39850.0,40250.0,40950.0,39500.0,26876.0,13410,-4506,-8904,0.0139,-257999,850.0,FALL
2019-07-11,40700.0,39950.0,40900.0,39850.0,18127.0,90,-5860,5770,0.0142,-249095,800.0,RISE
2019-07-10,39900.0,39000.0,40450.0,39000.0,33644.0,-14650,-5713,20363,0.0146,-254865,800.0,RISE
2019-07-09,39100.0,39600.0,40200.0,39100.0,19873.0,1530,-3417,1887,0.015,-275228,500.0,FALL
2019-07-08,39600.0,40950.0,40950.0,39600.0,26871.0,5374,-11669,6295,0.0153,-277115,1350.0,FALL
2019-07-05,40950.0,40150.0,41300.0,40100.0,32481.0,-8701,-4335,13036,0.016,-283410,900.0,RISE
2019-07-04,40050.0,40500.0,40650.0,39750.0,18262.0,3075,-7121,4046,0.0163,-296446,400.0,FALL
2019-07-03,40450.0,40250.0,41500.0,40250.0,37211.0,-4946,-7820,12766,0.0166,-300492,200.0,RISE
2019-07-02,40250.0,41700.0,41700.0,39800.0,41036.0,2062,1763,-3825,0.0172,-313258,200.0,RISE
2019-07-01,40050.0,41100.0,42000.0,39000.0,133467.0,20051,8674,-28725,0.0171,-309433,1000.0,FALL
2019-06-28,41050.0,41750.0,41800.0,40550.0,44585.0,-141,-6355,6496,0.0165,-280708,700.0,FALL
2019-06-27,41750.0,40550.0,42250.0,40300.0,66860.0,-14790,-1294,16084,0.0176,-287204,1550.0,RISE
2019-06-26,40200.0,41400.0,41500.0,40200.0,63127.0,20135,-3854,-16281,0.0177,-303288,1300.0,FALL
2019-06-25,41500.0,41250.0,41800.0,40750.0,55232.0,1889,-2699,810,0.018000000000000002,-287007,50.0,FALL
2019-06-24,41550.0,41150.0,42250.0,40100.0,75737.0,342,11736,-12078,0.0182,-287817,400.0,RISE
2019-06-21,41150.0,42050.0,42300.0,40450.0,121667.0,23028,8578,-31606,0.0174,-275739,800.0,FALL
2019-06-20,41950.0,43200.0,43300.0,41500.0,172342.0,48450,-27310,-21140,0.0168,-244133,1100.0,FALL
2019-06-19,43050.0,44250.0,44300.0,42500.0,85830.0,44886,-20435,-24451,0.0187,-222993,1050.0,FALL
2019-06-18,44100.0,44250.0,44950.0,43850.0,54878.0,13035,-9376,-3659,0.0201,-198542,150.0,FALL
2019-06-17,44250.0,45250.0,46050.0,44200.0,41494.0,5967,6077,-12044,0.0208,-194883,1750.0,FALL
2019-06-14,46000.0,47150.0,47150.0,45800.0,37426.0,10892,-3619,-7273,0.0203,-182839,1000.0,FALL
2019-06-13,47000.0,47200.0,47300.0,46150.0,34072.0,18,-3976,3958,0.0206,-175566,150.0,FALL
2019-06-12,47150.0,46000.0,47350.0,45850.0,49472.0,-10311,-2376,12687,0.0209,-179524,700.0,RISE
2019-06-11,46450.0,44450.0,46900.0,44350.0,41837.0,-15841,5909,9932,0.021,-192211,2000.0,RISE
2019-06-10,44450.0,43550.0,44450.0,43500.0,39430.0,554,14815,-15369,0.0206,-202143,1100.0,RISE
2019-06-07,43350.0,44000.0,44400.0,43250.0,47269.0,10949,5189,-16138,0.0196,-186774,500.0,FALL
2019-06-05,43850.0,44300.0,44550.0,43800.0,19448.0,-703,2035,-1332,0.0192,-170636,150.0,RISE
2019-06-04,43700.0,44350.0,44350.0,43700.0,19942.0,-3582,-4443,8025,0.0191,-169304,0.0,EVEN
2019-06-03,43700.0,43200.0,43900.0,43000.0,42932.0,1201,6086,-7287,0.0194,-177329,500.0,RISE
2019-05-31,43200.0,43400.0,44050.0,43200.0,32514.0,4587,-5091,504,0.019,-170042,250.0,FALL
2019-05-30,43450.0,44500.0,45200.0,43200.0,64975.0,7038,10848,-17886,0.0193,-170546,1300.0,FALL
2019-05-29,44750.0,45200.0,46000.0,44300.0,44935.0,-351,2023,-1672,0.0186,-152660,450.0,FALL
2019-05-28,45200.0,44950.0,45950.0,44650.0,58316.0,-13485,-1490,14975,0.0184,-150988,500.0,RISE
2019-05-27,44700.0,45550.0,46500.0,44150.0,65397.0,14674,-5533,-9141,0.0185,-165963,1300.0,FALL
2019-05-24,46000.0,44900.0,46300.0,44600.0,38681.0,-14549,2687,11862,0.0189,-156822,600.0,RISE
2019-05-23,45400.0,46200.0,46650.0,45350.0,25371.0,1872,1220,-3092,0.0187,-168684,900.0,FALL
2019-05-22,46300.0,45800.0,46450.0,45750.0,10603.0,-2468,1446,1022,0.0186,-165592,500.0,RISE
2019-05-21,45800.0,45700.0,46550.0,45250.0,23768.0,-1974,4762,-2788,0.0185,-166614,450.0,FALL
2019-05-20,46250.0,47700.0,47700.0,46250.0,41629.0,5279,-344,-4935,0.0182,-163826,1550.0,FALL
2019-05-17,47800.0,48500.0,49150.0,47750.0,19872.0,1882,-35,-1847,0.0182,-158891,850.0,FALL
2019-05-16,48650.0,48000.0,49100.0,47150.0,34260.0,-16856,-431,17287,0.0182,-157044,750.0,RISE
2019-05-15,47900.0,49300.0,49300.0,47850.0,50668.0,18623,4343,-22966,0.0183,-174331,1050.0,FALL
2019-05-14,48950.0,48000.0,49000.0,47900.0,22843.0,-6759,-4316,11075,0.018000000000000002,-151365,50.0,FALL
2019-05-13,49000.0,47650.0,49500.0,47350.0,77212.0,-9091,1003,8088,0.0183,-162440,400.0,RISE
2019-05-10,48600.0,47650.0,48950.0,47100.0,41103.0,-16394,-2164,18558,0.0182,-170528,250.0,RISE
2019-05-09,48350.0,47500.0,48700.0,47450.0,70956.0,-40015,6702,33313,0.0183,-189086,850.0,RISE
2019-05-08,47500.0,45550.0,47950.0,44750.0,104396.0,-39540,1593,37947,0.0181,-222399,1900.0,RISE
2019-05-07,45600.0,46300.0,46300.0,45050.0,82857.0,12364,-836,-11528,0.018000000000000002,-260346,1100.0,FALL
2019-05-03,46700.0,48800.0,48800.0,45050.0,273930.0,54069,-14593,-39476,0.018000000000000002,-248818,3050.0,FALL
2019-05-02,49750.0,46600.0,49750.0,46600.0,101488.0,14210,-7429,-6781,0.0191,-209342,2900.0,RISE
2019-04-30,46850.0,47350.0,47350.0,46750.0,27391.0,2887,5326,-8213,0.0196,-202561,500.0,FALL
2019-04-29,47350.0,47600.0,47700.0,46750.0,29816.0,-10445,8042,2403,0.0194,-194348,700.0,RISE
2019-04-26,46650.0,49150.0,49150.0,46600.0,92984.0,20433,4701,-25134,0.0188,-196751,2550.0,FALL
2019-04-25,49200.0,48900.0,49200.0,47200.0,26572.0,-4630,9971,-5341,0.0184,-171617,300.0,RISE
2019-04-24,48900.0,48700.0,49400.0,48300.0,35355.0,-1535,5363,-3828,0.0177,-166276,300.0,RISE
2019-04-23,48600.0,49800.0,49800.0,48300.0,65987.0,4728,8272,-13000,0.0172,-162448,1050.0,FALL
2019-04-22,49650.0,50200.0,50400.0,49050.0,40381.0,962,-3613,2651,0.0167,-149448,350.0,FALL
2019-04-19,50000.0,51200.0,51200.0,49850.0,40066.0,13401,-3827,-9574,0.017,-152099,1200.0,FALL
2019-04-18,51200.0,51700.0,51800.0,49500.0,66551.0,13989,-3323,-10666,0.0174,-142525,100.0,FALL
2019-04-17,51300.0,50600.0,52400.0,50600.0,38239.0,-5796,2204,3592,0.0178,-131859,300.0,RISE
2019-04-16,51000.0,50800.0,51400.0,50100.0,34020.0,-1739,-1704,3443,0.0174,-135451,100.0,FALL
2019-04-15,51100.0,51500.0,51600.0,50100.0,47017.0,-6417,-5154,11571,0.0175,-138894,200.0,RISE
2019-04-12,50900.0,50300.0,51400.0,49800.0,61568.0,-19499,4802,14697,0.0181,-150465,600.0,RISE
2019-04-11,50300.0,50000.0,50500.0,49100.0,85451.0,-26323,25825,498,0.0178,-165162,500.0,RISE
2019-04-10,49800.0,49150.0,49900.0,48700.0,58856.0,-7271,1326,5945,0.0162,-165660,950.0,RISE
2019-04-09,48850.0,48450.0,49000.0,47900.0,45661.0,-8875,5194,3681,0.0161,-171605,550.0,RISE
2019-04-08,48300.0,50200.0,50200.0,47800.0,100970.0,19698,-1853,-17845,0.0158,-175286,1400.0,FALL
2019-04-05,49700.0,49500.0,50600.0,49300.0,57565.0,-4888,19015,-14127,0.0159,-157441,0.0,EVEN
2019-04-04,49700.0,49900.0,50000.0,49300.0,43120.0,-1023,15946,-14923,0.0146,-143314,100.0,FALL
2019-04-03,49800.0,49700.0,50300.0,49100.0,66086.0,6005,7271,-13276,0.0134,-128391,350.0,RISE
2019-04-02,49450.0,49200.0,50200.0,48650.0,57690.0,-2826,-1220,4046,0.0129,-115115,650.0,RISE
2019-04-01,48800.0,49850.0,50800.0,48800.0,87089.0,-578,3215,-2637,0.013000000000000001,-119161,550.0,FALL
2019-03-29,49350.0,49050.0,50400.0,47300.0,95075.0,-15609,-4253,19862,0.0124,-116524,50.0,RISE
2019-03-28,49300.0,48000.0,51000.0,47500.0,205906.0,-29426,-3552,32978,0.0125,-136386,1300.0,RISE
2019-03-27,48000.0,47600.0,48450.0,46650.0,74014.0,-4855,-5684,10539,0.0125,-169364,400.0,RISE
2019-03-26,47600.0,46600.0,47600.0,45950.0,65842.0,7136,-7432,296,0.0128,-179903,1000.0,RISE
2019-03-25,46600.0,46200.0,47400.0,44950.0,98648.0,-12252,-7009,19261,0.013000000000000001,-180199,150.0,FALL
2019-03-22,46750.0,48300.0,48600.0,46200.0,101318.0,17421,-10964,-6457,0.013000000000000001,-199460,1550.0,FALL
2019-03-21,48300.0,49900.0,49900.0,47400.0,119004.0,21685,-23807,2122,0.0138,-193003,1300.0,FALL
2019-03-20,49600.0,45300.0,51500.0,45300.0,225949.0,-63664,-5705,69369,0.0155,-195125,4350.0,RISE
2019-03-19,45250.0,45500.0,46800.0,44850.0,140732.0,19213,-1423,-17790,0.0159,-264494,400.0,RISE
2019-03-18,44850.0,45500.0,45900.0,44850.0,69519.0,5341,12277,-17618,0.0159,-246704,650.0,FALL
2019-03-15,45500.0,46250.0,46300.0,45050.0,111109.0,15087,-4828,-10259,0.0151,-229086,750.0,FALL
2019-03-14,46250.0,45450.0,46250.0,44600.0,114567.0,-23880,18106,5774,0.0168,-218827,650.0,RISE
2019-03-13,45600.0,45750.0,46700.0,45100.0,58047.0,-2991,16242,-13251,0.0156,-224601,300.0,FALL
2019-03-12,45900.0,48000.0,48700.0,45550.0,146987.0,32874,4741,-37615,0.0144,-211350,1200.0,FALL
2019-03-11,47100.0,47300.0,47550.0,45750.0,83913.0,-10233,296,9937,0.0141,-173735,300.0,RISE
2019-03-08,46800.0,45900.0,47450.0,45450.0,115158.0,-17453,-8953,26406,0.0141,-183672,850.0,RISE
2019-03-07,45950.0,45700.0,47200.0,45300.0,175835.0,-4068,18881,-14813,0.0147,-210078,350.0,RISE
2019-03-06,45600.0,47800.0,48600.0,45550.0,184283.0,1111,2187,-3298,0.0134,-195265,1450.0,FALL
2019-03-05,47050.0,46150.0,47600.0,45350.0,146894.0,-60154,-4045,64199,0.0132,-191967,1600.0,RISE
2019-03-04,45450.0,44750.0,45600.0,44250.0,96228.0,-1034,-6051,7085,0.0135,-256166,1150.0,RISE
2019-02-28,44300.0,44500.0,44850.0,43650.0,80333.0,-8123,1550,6573,0.0139,-263251,300.0,FALL
2019-02-27,44600.0,44500.0,45900.0,44250.0,106370.0,12932,-2040,-10892,0.0139,-269824,150.0,RISE
2019-02-26,44450.0,43500.0,46000.0,43300.0,263265.0,-45361,38298,7063,0.013999999999999999,-258932,1350.0,RISE
2019-02-25,43100.0,42500.0,43950.0,42100.0,112026.0,-8753,1139,7614,0.0113,-265995,800.0,RISE
2019-02-22,42300.0,43100.0,43450.0,41700.0,130285.0,13332,-13863,531,0.0112,-273609,850.0,FALL
2019-02-21,43150.0,41400.0,43300.0,40300.0,136201.0,-26952,-5367,32319,0.0122,-274140,1950.0,RISE
2019-02-20,41200.0,41100.0,41800.0,40950.0,62901.0,-18027,2449,15578,0.0127,-306459,350.0,RISE
2019-02-19,40850.0,40800.0,41350.0,39800.0,95826.0,-23790,6637,17153,0.0126,-322037,1100.0,RISE
2019-02-18,39750.0,39300.0,40150.0,38850.0,87578.0,-20485,-978,21463,0.012,-339190,450.0,RISE
2019-02-15,39300.0,39850.0,40000.0,38650.0,93556.0,9553,-3927,-5626,0.012,-360653,500.0,FALL
2019-02-14,39800.0,38400.0,39950.0,37700.0,127907.0,-60499,13733,46766,0.0123,-355027,1750.0,RISE
2019-02-13,38050.0,38800.0,38800.0,37450.0,103371.0,22269,953,-23222,0.0114,-401793,450.0,FALL
2019-02-12,38500.0,39500.0,40500.0,38350.0,226272.0,11380,-9663,-1717,0.0113,-378571,50.0,FALL
2019-02-11,38550.0,38600.0,38850.0,38000.0,44106.0,-4394,-4169,8563,0.012,-376854,250.0,FALL
2019-02-08,38800.0,38950.0,39050.0,38100.0,40853.0,10460,-8026,-2434,0.0123,-385417,200.0,FALL
2019-02-07,39000.0,37700.0,39400.0,37300.0,116340.0,-876,3674,-2798,0.0128,-382983,1300.0,RISE
2019-02-01,37700.0,37950.0,38300.0,37100.0,92854.0,6261,-3197,-3064,0.0126,-380185,600.0,FALL
2019-01-31,38300.0,38050.0,38400.0,37850.0,61637.0,10597,4537,-15134,0.013000000000000001,-377121,250.0,RISE
2019-01-30,38050.0,37500.0,38350.0,37300.0,68716.0,-2970,2882,88,0.0126,-361987,450.0,RISE
2019-01-29,37600.0,38300.0,38300.0,37200.0,68568.0,9882,8485,-18367,0.0124,-362075,700.0,FALL
2019-01-28,38300.0,38650.0,38800.0,36600.0,359423.0,82945,16322,-99267,0.012,-343708,650.0,FALL
2019-01-25,38950.0,40450.0,40950.0,38850.0,144680.0,23275,-6752,-16523,0.0109,-244441,1500.0,FALL
2019-01-24,40450.0,38800.0,41000.0,38550.0,140723.0,-15500,12679,2821,0.0112,-227918,1650.0,RISE
2019-01-23,38800.0,38200.0,39600.0,38150.0,81631.0,-20383,4470,15913,0.0103,-230739,700.0,RISE
2019-01-22,38100.0,39350.0,39350.0,37900.0,123822.0,33814,6260,-40074,0.01,-246652,1400.0,FALL
2019-01-21,39500.0,41200.0,41500.0,39050.0,146173.0,23153,25965,-49118,0.0096,-206578,1750.0,FALL
2019-01-18,41250.0,39800.0,41600.0,38400.0,109085.0,-22245,-1556,23801,0.0078,-157460,1800.0,RISE
2019-01-17,39450.0,40200.0,40200.0,38750.0,147841.0,6072,7469,-13541,0.0079,-181261,750.0,FALL
2019-01-16,40200.0,40200.0,41450.0,39700.0,114500.0,8933,6281,-15214,0.0073,-167720,500.0,FALL
2019-01-15,40700.0,41700.0,43600.0,39600.0,296331.0,84802,21775,-106577,0.0069,-152506,600.0,FALL
2019-01-14,41300.0,39950.0,41950.0,39200.0,195857.0,-29519,59828,-30309,0.0054,-45929,1300.0,RISE
2019-01-11,40000.0,37950.0,40000.0,37650.0,158054.0,2103,-3412,1309,0.0012,-15620,2000.0,RISE
2019-01-10,38000.0,37000.0,39800.0,36650.0,175860.0,2035,7037,-9072,0.0014,-16929,750.0,RISE
2019-01-09,37250.0,35650.0,37300.0,35200.0,87285.0,-9830,3673,6157,0.0008,-7857,1600.0,RISE
2019-01-08,35650.0,36900.0,37200.0,35100.0,79641.0,9524,-3912,-5612,0.0005,-14014,1700.0,FALL
2019-01-07,37350.0,37000.0,37700.0,36550.0,48682.0,-60,-477,537,0.0005,-8402,350.0,RISE
2019-01-04,37000.0,36400.0,37350.0,35900.0,46445.0,-3892,-1279,5171,0.0004,-8939,500.0,RISE
2019-01-03,36500.0,36700.0,36700.0,36050.0,21130.0,-2169,-1697,3866,0.0005,-14110,0.0,EVEN
2019-01-02,36500.0,35600.0,37400.0,35600.0,102336.0,5267,184,-5451,0.0006,-17976,1100.0,RISE
2018-12-28,35400.0,34650.0,35600.0,34300.0,57381.0,-17885,2162,15723,0.0006,-12525,1000.0,RISE
2018-12-27,34400.0,34950.0,35450.0,34100.0,32588.0,784,-1005,221,0.0005,-28248,100.0,FALL
2018-12-26,34500.0,34200.0,34750.0,33300.0,45271.0,-19068,1022,18046,0.0006,-28469,50.0,RISE
2018-12-24,34450.0,34600.0,35000.0,33800.0,38070.0,-6501,-64,6565,0.0008,-46515,300.0,FALL
2018-12-21,34750.0,34950.0,35900.0,34500.0,34504.0,-11310,628,10682,0.0008,-53080,600.0,FALL
2018-12-20,35350.0,35000.0,36200.0,34300.0,65631.0,-10029,562,9467,0.0008,-63762,300.0,RISE
2018-12-19,35050.0,34400.0,35150.0,34000.0,57539.0,-19428,-5831,25259,0.0007,-73229,550.0,RISE
2018-12-18,34500.0,33500.0,34500.0,33000.0,33069.0,-3275,-794,4069,0.0012,-98488,650.0,RISE
2018-12-17,33850.0,34050.0,34850.0,33200.0,56616.0,-6259,-4474,10733,0.0012,-102557,500.0,FALL
2018-12-14,34350.0,34500.0,35000.0,33850.0,62899.0,-36947,2378,34569,0.0016,-113290,250.0,RISE
2018-12-13,34100.0,33200.0,34800.0,33150.0,62676.0,-27351,2473,24878,0.0014,-147859,600.0,RISE
2018-12-12,33500.0,31600.0,33750.0,31500.0,105282.0,-67221,6710,60511,0.0012,-172737,1850.0,RISE
2018-12-11,31650.0,31850.0,32000.0,30750.0,28605.0,-5551,-403,5954,0.0007,-233248,200.0,FALL
2018-12-10,31850.0,31000.0,31850.0,30700.0,58565.0,-17151,-3513,20664,0.0007,-239202,450.0,RISE
2018-12-07,31400.0,30900.0,31450.0,29650.0,69362.0,-15974,1762,14212,0.001,-259866,1300.0,RISE
2018-12-06,30100.0,31500.0,31650.0,28850.0,125454.0,-7693,2260,5433,0.0008,-274078,1200.0,FALL
2018-12-05,31300.0,31000.0,31850.0,30850.0,55218.0,7558,703,-8261,0.0007,-279511,450.0,FALL
2018-12-04,31750.0,33250.0,33250.0,31400.0,112558.0,43600,291,-43891,0.0006,-271250,1150.0,FALL
2018-12-03,32900.0,33850.0,34200.0,32600.0,74468.0,19968,-4996,-14972,0.0006,-227359,600.0,FALL
2018-11-30,33500.0,34050.0,34500.0,33500.0,43106.0,-8721,-1809,10530,0.001,-212387,250.0,FALL
2018-11-29,33750.0,34000.0,34750.0,33750.0,74854.0,-16047,-4583,20630,0.0011,-222917,100.0,RISE
2018-11-28,33650.0,32700.0,33900.0,32350.0,68533.0,-36101,2555,33546,0.0014,-243547,1250.0,RISE
2018-11-27,32400.0,32450.0,32850.0,32100.0,49614.0,-1268,-8156,9424,0.0012,-277093,50.0,FALL
2018-11-26,32450.0,32700.0,33000.0,32150.0,45243.0,20706,-8545,-12161,0.0017,-286517,550.0,FALL
2018-11-23,33000.0,32450.0,33400.0,32350.0,47421.0,-10291,7296,2995,0.0022,-274356,100.0,RISE
2018-11-22,32900.0,33250.0,33700.0,32750.0,44927.0,11555,-305,-11250,0.0016,-277351,250.0,FALL
2018-11-21,33150.0,33450.0,33650.0,32550.0,39808.0,4156,-4405,249,0.0017,-266101,300.0,FALL
2018-11-20,33450.0,33100.0,34500.0,32700.0,61529.0,-14381,6480,7901,0.0021,-266350,250.0,FALL
2018-11-19,33700.0,33050.0,33900.0,33000.0,49904.0,-5717,939,4778,0.0016,-274251,350.0,RISE
2018-11-16,33350.0,34700.0,34900.0,33200.0,128543.0,49427,-13848,-35579,0.0014,-279029,1350.0,FALL
2018-11-15,34700.0,34850.0,35300.0,34100.0,71174.0,11435,-8441,-2994,0.0023,-243450,600.0,FALL
2018-11-14,35300.0,34500.0,36000.0,34050.0,106434.0,3232,-2079,-1153,0.0029,-240456,800.0,RISE
2018-11-13,34500.0,33500.0,35000.0,33100.0,83179.0,21810,-2783,-19027,0.0027,-239303,350.0,FALL
2018-11-12,34850.0,34100.0,35550.0,33600.0,47880.0,-10430,-5038,15468,0.0029,-220276,400.0,RISE
2018-11-09,34450.0,33500.0,34900.0,33400.0,45316.0,-16647,1218,15429,0.0032,-235744,250.0,RISE
2018-11-08,34200.0,34500.0,34950.0,33750.0,57270.0,-1943,-4199,6142,0.0032,-251173,350.0,RISE
2018-11-07,33850.0,35300.0,35350.0,33500.0,56912.0,9795,-4862,-4933,0.0034,-257315,750.0,FALL
2018-11-06,34600.0,35400.0,36200.0,34350.0,49765.0,9173,-6064,-3109,0.0038,-252382,700.0,FALL
2018-11-05,35300.0,35400.0,35900.0,34650.0,39893.0,11521,-4705,-6816,0.0042,-249273,600.0,FALL
2018-11-02,35900.0,34800.0,36500.0,34700.0,81391.0,-24466,100,24366,0.0045,-242457,1500.0,RISE
2018-11-01,34400.0,33400.0,36200.0,33200.0,172083.0,-28099,7391,20708,0.0045,-266823,1700.0,RISE
2018-10-31,32700.0,32900.0,33300.0,31900.0,53234.0,-6601,-2151,8752,0.004,-287531,50.0,FALL
2018-10-30,32750.0,31500.0,33500.0,30500.0,152877.0,7381,-783,-6598,0.0042,-296283,100.0,RISE
2018-10-29,32650.0,36800.0,36950.0,31800.0,148687.0,27350,-11513,-15837,0.0042,-289685,4300.0,FALL
2018-10-26,36950.0,36800.0,38100.0,34850.0,144997.0,13108,-14367,1259,0.005,-273848,50.0,FALL
2018-10-25,37000.0,35450.0,37500.0,34550.0,218660.0,-19567,-2532,22099,0.006,-275107,850.0,RISE
2018-10-24,36150.0,35100.0,37400.0,35100.0,305673.0,-107920,34139,73781,0.0062,-297206,1950.0,RISE
2018-10-23,34200.0,33850.0,35400.0,33550.0,118410.0,-43923,10782,33141,0.0038,-370987,0.0,EVEN
2018-10-22,34200.0,34800.0,34800.0,33800.0,56861.0,21838,-10207,-11631,0.0031,-404128,600.0,FALL
2018-10-19,34800.0,33500.0,35400.0,33300.0,55424.0,908,2079,-2987,0.0038,-392497,750.0,RISE
2018-10-18,34050.0,35150.0,35850.0,33250.0,104574.0,1359,-13231,11872,0.0037,-389510,1100.0,FALL
2018-10-17,35150.0,34300.0,36450.0,34150.0,97448.0,-8792,10571,-1779,0.0046,-401382,1400.0,RISE
2018-10-16,33750.0,33450.0,34600.0,33400.0,46346.0,-295,-206,501,0.0038,-399603,450.0,RISE
2018-10-15,33300.0,34050.0,34050.0,33200.0,68425.0,6552,1941,-8493,0.0038,-400104,750.0,FALL
2018-10-12,34050.0,32600.0,34350.0,31850.0,84527.0,2379,3624,-6003,0.0036,-391611,1350.0,RISE
2018-10-11,32700.0,34050.0,34550.0,32500.0,147165.0,-13516,2830,10686,0.0034,-385608,2400.0,FALL
2018-10-10,35100.0,35950.0,36000.0,33600.0,90807.0,-7981,248,7733,0.0032,-396294,850.0,FALL
2018-10-08,35950.0,37400.0,37500.0,35950.0,144997.0,-8689,-4030,12719,0.0031,-404027,100.0,FALL
2018-10-05,36050.0,33950.0,36100.0,33150.0,157784.0,-33750,3246,30504,0.0034,-416746,1800.0,RISE
2018-10-04,34250.0,35400.0,35950.0,33600.0,172314.0,-158,17227,-17069,0.0032,-447250,1000.0,FALL
2018-10-02,35250.0,38400.0,38650.0,34700.0,168735.0,28171,-5683,-22488,0.002,-430181,2900.0,FALL
2018-10-01,38150.0,37750.0,39150.0,37200.0,109459.0,15469,-12548,-2921,0.0024,-407693,250.0,FALL
2018-09-28,38400.0,36800.0,38900.0,36150.0,161850.0,-22260,6335,15925,0.0033,-404772,1350.0,RISE
2018-09-27,37050.0,37500.0,37500.0,35800.0,123144.0,24003,7182,-31185,0.0028,-420697,150.0,FALL
2018-09-21,37200.0,38050.0,39600.0,36100.0,224719.0,31142,-3914,-27228,0.0023,-389512,150.0,FALL
2018-09-20,37350.0,34800.0,37350.0,34500.0,205873.0,-14968,5275,9693,0.0026,-362284,2550.0,RISE
2018-09-19,34800.0,35200.0,36550.0,33950.0,193805.0,40953,579,-41532,0.0022,-371977,200.0,FALL
2018-09-18,35000.0,33700.0,36650.0,33700.0,476862.0,35558,4238,-39796,0.0022,-330445,1400.0,RISE
2018-09-17,33600.0,31500.0,33600.0,30900.0,265318.0,-16405,800,15605,0.0019,-290649,1900.0,RISE
2018-09-14,31700.0,29750.0,32800.0,29750.0,346660.0,27477,15279,-42756,0.0018,-306254,1950.0,RISE
2018-09-13,29750.0,28450.0,29750.0,28150.0,99237.0,-27069,4288,22781,0.0008,-263498,1300.0,RISE
2018-09-12,28450.0,29500.0,29500.0,28150.0,93047.0,32872,-2126,-30746,0.0005,-286279,900.0,FALL
2018-09-11,29350.0,29050.0,29450.0,28800.0,64355.0,-6826,1564,5262,0.0006,-255533,300.0,RISE
2018-09-10,29050.0,30000.0,30000.0,28700.0,93235.0,31112,-5071,-26041,0.0005,-260795,1000.0,FALL
2018-09-07,30050.0,29200.0,30050.0,29150.0,103295.0,-8415,-560,8975,0.0008,-234754,550.0,RISE
2018-09-06,29500.0,28350.0,30000.0,28300.0,204521.0,-10730,7164,3566,0.0008,-243729,1000.0,RISE
2018-09-05,28500.0,28500.0,28850.0,28150.0,104072.0,-22542,335,22207,0.0003,-247295,550.0,RISE
2018-09-04,27950.0,27900.0,28200.0,27300.0,47324.0,-7548,-2428,9976,0.0003,-269502,0.0,EVEN
2018-09-03,27950.0,27600.0,28350.0,27500.0,61338.0,-19255,2415,16840,0.0005,-279478,0.0,EVEN
2018-08-31,27950.0,27000.0,28200.0,26600.0,110902.0,-32019,-884,32903,0.0003,-296318,850.0,RISE
2018-08-30,27100.0,26500.0,27250.0,25950.0,118482.0,23149,-2935,-20214,0.0004,-329221,650.0,RISE
2018-08-29,26450.0,26700.0,26750.0,26300.0,66019.0,42243,3906,-46149,0.0006,-309007,100.0,FALL
2018-08-28,26550.0,27400.0,27500.0,26250.0,85448.0,34040,-1171,-32869,0.0003,-262858,600.0,FALL
2018-08-27,27150.0,27400.0,27750.0,26900.0,117389.0,839,2149,-2988,0.0004,-229989,250.0,FALL
2018-08-24,27400.0,26400.0,27900.0,26400.0,121937.0,-31584,-7336,38920,0.0002,-227001,1000.0,RISE
2018-08-23,26400.0,26000.0,26950.0,25850.0,134371.0,-31221,2268,28953,0.0008,-265921,550.0,RISE
2018-08-22,25850.0,26100.0,26250.0,25750.0,87562.0,-84,2484,-2400,-0.0016,-294874,100.0,FALL
2018-08-21,25950.0,27200.0,27200.0,25650.0,249432.0,85026,1201,-86227,-0.0018,-292474,1200.0,FALL
2018-08-20,27150.0,29050.0,29050.0,27150.0,167533.0,44674,-141,-44533,-0.0018,-206247,1700.0,FALL
2018-08-17,28850.0,28500.0,29050.0,28500.0,63301.0,-18732,-947,19679,-0.0018,-161714,50.0,RISE
2018-08-16,28800.0,29400.0,29400.0,28200.0,93216.0,4449,-66,-4383,-0.0018,-181393,600.0,FALL
2018-08-14,29400.0,29600.0,29950.0,29350.0,60640.0,-8511,-2304,10815,-0.0018,-177010,400.0,FALL
2018-08-13,29800.0,30300.0,30750.0,29650.0,78584.0,1163,934,-2097,-0.0016,-187825,600.0,FALL
2018-08-10,30400.0,29950.0,30750.0,29600.0,115758.0,-25989,3820,22169,-0.0017,-185728,600.0,RISE
2018-08-09,29800.0,30500.0,30500.0,29450.0,85264.0,-2230,798,1432,-0.0019,-207897,500.0,FALL
2018-08-08,30300.0,30450.0,30750.0,30100.0,97684.0,-19212,-1592,20804,-0.002,-209329,0.0,EVEN
2018-08-07,30300.0,30200.0,30750.0,29700.0,109855.0,7251,1292,-8543,-0.0019,-230133,300.0,RISE
2018-08-06,30000.0,30200.0,30550.0,29550.0,85050.0,-11088,-2187,13275,-0.002,-221590,200.0,FALL
2018-08-03,30200.0,29900.0,31300.0,29600.0,299028.0,7227,-3448,-3779,-0.0018,-234865,600.0,RISE
2018-08-02,29600.0,28600.0,30050.0,28350.0,258694.0,-67308,5689,61619,-0.0016,-231086,1100.0,RISE
2018-08-01,28500.0,28850.0,29000.0,28300.0,150711.0,-6475,-2254,8729,-0.002,-292705,500.0,FALL
2018-07-31,29000.0,29500.0,30100.0,29000.0,275150.0,11181,-283,-10898,-0.0018,-301434,200.0,FALL
2018-07-30,29200.0,29000.0,29800.0,28550.0,247510.0,13839,1785,-15624,-0.0018,-290536,200.0,RISE
2018-07-27,29000.0,30550.0,31800.0,28850.0,2140343.0,302412,-27500,-274912,-0.0019,-274912,1550.0,FALL
