,종가,시가,고가,저가,거래량,개인순매수,외국인순매수,기관순매수,외국인보유,기관보유량,전일비,변화
2020-06-05,2190.0,2170.0,2195.0,2160.0,329684.0,-62451,62810,-359,0.0329,352245,25.0,RISE
2020-06-04,2165.0,2170.0,2195.0,2140.0,336016.0,-22502,23013,-511,0.0314,352604,10.0,FALL
2020-06-03,2175.0,2225.0,2225.0,2160.0,425421.0,61115,-35742,-25373,0.0309,353115,20.0,FALL
2020-06-02,2195.0,2180.0,2235.0,2160.0,384888.0,-9834.0,10077.0,-243.0,0.0317,378868.0,15.0,RISE
2020-06-01,2180.0,2210.0,2235.0,2180.0,417411.0,45809.0,-45922.0,113.0,0.0315,379111.0,10.0,FALL
2020-05-29,2190.0,2175.0,2205.0,2140.0,663849.0,-25244.0,25249.0,-5.0,0.0325,378998.0,40.0,FALL
2020-05-28,2230.0,2140.0,2480.0,2110.0,5641528.0,281393.0,-281251.0,-142.0,0.0319,379003.0,120.0,RISE
2020-05-27,2110.0,2115.0,2140.0,2075.0,414928.0,-47828.0,47871.0,-43.0,0.0384,379145.0,5.0,RISE
2020-05-26,2105.0,2075.0,2140.0,2045.0,576549.0,-122885.0,123817.0,-932.0,0.0373,379188.0,60.0,RISE
2020-05-25,2045.0,2050.0,2055.0,2025.0,212511.0,-27971.0,25623.0,2348.0,0.0345,380120.0,5.0,FALL
2020-05-22,2050.0,2110.0,2130.0,2045.0,536057.0,103378.0,-103216.0,-162.0,0.0339,377772.0,10.0,FALL
2020-05-20,2045.0,2020.0,2045.0,2020.0,115905.0,-27864.0,27856.0,8.0,0.0355,377935.0,5.0,RISE
2020-05-19,2040.0,2040.0,2050.0,2010.0,237060.0,21258.0,-21228.0,-30.0,0.0348,377927.0,35.0,RISE
2020-05-18,2005.0,2010.0,2035.0,1980.0,143179.0,-362.0,332.0,30.0,0.0353,377957.0,10.0,FALL
2020-05-15,2015.0,2000.0,2015.0,1975.0,237993.0,-53713.0,52767.0,946.0,0.0353,377927.0,35.0,RISE
2020-05-14,1980.0,2035.0,2045.0,1955.0,536412.0,-92057.0,91884.0,173.0,0.0341,376981.0,65.0,FALL
2020-05-13,2045.0,2015.0,2045.0,2005.0,166873.0,-33547.0,33523.0,24.0,0.032,376808.0,10.0,RISE
2020-05-12,2035.0,2090.0,2095.0,2005.0,492013.0,15581.0,-14142.0,-1439.0,0.0312,376784.0,40.0,FALL
2020-05-11,2075.0,2170.0,2170.0,2055.0,512989.0,6170.0,-6024.0,-146.0,0.0315,378223.0,90.0,FALL
2020-05-08,2165.0,2155.0,2190.0,2135.0,574922.0,17388.0,-17077.0,-311.0,0.0317,378369.0,40.0,RISE
2020-05-07,2125.0,2100.0,2160.0,2085.0,396281.0,-24178.0,23659.0,519.0,0.0321,378680.0,40.0,RISE
2020-05-06,2085.0,2090.0,2115.0,2070.0,366451.0,-51096.0,50759.0,337.0,0.0315,378161.0,30.0,RISE
2020-05-04,2055.0,2100.0,2100.0,2050.0,281542.0,-32243.0,7184.0,25059.0,0.0305,377824.0,5.0,FALL
2020-04-29,2060.0,2045.0,2100.0,2045.0,238679.0,-29732.0,29742.0,-10.0,0.0303,352765.0,5.0,RISE
2020-04-28,2055.0,2090.0,2105.0,2015.0,272573.0,11902.0,-5547.0,-6355.0,0.0297,352775.0,10.0,FALL
2020-04-27,2065.0,2055.0,2120.0,2040.0,291318.0,-23284.0,24574.0,-1290.0,0.0298,359130.0,20.0,RISE
2020-04-24,2045.0,2090.0,2145.0,2030.0,473875.0,20866.0,-19499.0,-1367.0,0.0292,360420.0,45.0,FALL
2020-04-23,2090.0,2070.0,2160.0,2035.0,1169461.0,96688.0,-99040.0,2352.0,0.0297,361787.0,30.0,RISE
2020-04-22,2060.0,1940.0,2060.0,1930.0,721532.0,-64696.0,64577.0,119.0,0.032,359435.0,40.0,RISE
2020-04-21,2020.0,2100.0,2160.0,1885.0,1652139.0,-108458.0,107954.0,504.0,0.0305,359316.0,65.0,FALL
2020-04-20,2085.0,2060.0,2185.0,2035.0,1603718.0,-77664.0,69020.0,8644.0,0.028,358812.0,65.0,RISE
2020-04-17,2020.0,2050.0,2060.0,1990.0,788996.0,89516.0,-89021.0,-495.0,0.0264,350168.0,30.0,FALL
2020-04-16,2050.0,1960.0,2065.0,1865.0,1961205.0,-126366.0,125664.0,702.0,0.0285,350663.0,130.0,RISE
2020-04-14,1920.0,1745.0,2140.0,1745.0,7274004.0,273497.0,-313290.0,39793.0,0.0256,349961.0,185.0,RISE
2020-04-13,1735.0,1755.0,1770.0,1700.0,363693.0,-11197.0,-47390.0,58587.0,0.0329,310168.0,15.0,FALL
2020-04-10,1750.0,1700.0,1755.0,1640.0,607657.0,-137727.0,13175.0,124552.0,0.034,251581.0,65.0,RISE
2020-04-09,1685.0,1710.0,1730.0,1665.0,514362.0,3874.0,-4114.0,240.0,0.0337,127029.0,10.0,RISE
2020-04-08,1675.0,1680.0,1710.0,1600.0,594405.0,3855.0,-4034.0,179.0,0.0338,126789.0,25.0,RISE
2020-04-07,1650.0,1615.0,1690.0,1555.0,960169.0,4261.0,-7303.0,3042.0,0.0339,126610.0,85.0,RISE
2020-04-06,1565.0,1480.0,1565.0,1480.0,699314.0,-60499.0,60882.0,-383.0,0.034,123568.0,90.0,RISE
2020-04-03,1475.0,1475.0,1505.0,1460.0,298638.0,7815.0,-7842.0,27.0,0.0326,123951.0,15.0,RISE
2020-04-02,1460.0,1465.0,1470.0,1405.0,312208.0,3197.0,-3141.0,-56.0,0.0328,123924.0,25.0,RISE
2020-04-01,1435.0,1495.0,1560.0,1430.0,938061.0,17195.0,-17239.0,44.0,0.0337,123980.0,60.0,FALL
2020-03-31,1495.0,1395.0,1600.0,1380.0,1602236.0,37892.0,-38150.0,258.0,0.0341,123936.0,140.0,RISE
2020-03-30,1355.0,1275.0,1355.0,1265.0,307797.0,34999.0,-35048.0,49.0,0.035,123678.0,15.0,RISE
2020-03-27,1340.0,1400.0,1405.0,1295.0,477130.0,1770.0,-1837.0,67.0,0.0359,123629.0,15.0,RISE
2020-03-26,1325.0,1280.0,1365.0,1245.0,766191.0,46885.0,-46512.0,-373.0,0.0362,123562.0,65.0,RISE
2020-03-25,1260.0,1220.0,1280.0,1200.0,547419.0,-34872.0,34324.0,548.0,0.0372,123935.0,100.0,RISE
2020-03-24,1160.0,1110.0,1170.0,1100.0,509850.0,-60109.0,59905.0,204.0,0.0364,123387.0,80.0,RISE
2020-03-23,1080.0,1075.0,1145.0,1050.0,1108179.0,26108.0,-25814.0,-294.0,0.035,123183.0,120.0,FALL
2020-03-20,1200.0,1130.0,1240.0,1100.0,2838260.0,-133721.0,179420.0,-45699.0,0.0349,123477.0,70.0,RISE
2020-03-19,1130.0,1510.0,1525.0,1085.0,1037370.0,22501.0,-22582.0,81.0,0.0308,169176.0,395.0,FALL
2020-03-18,1525.0,1500.0,1550.0,1445.0,599408.0,16335.0,-21376.0,5041.0,0.0313,169095.0,25.0,RISE
2020-03-17,1500.0,1360.0,1520.0,1360.0,459731.0,-19542.0,19807.0,-265.0,0.0322,164054.0,10.0,RISE
2020-03-16,1490.0,1565.0,1585.0,1410.0,743745.0,-43650.0,45101.0,-1451.0,0.0348,164319.0,30.0,FALL
2020-03-13,1520.0,1515.0,1580.0,1370.0,929502.0,111514.0,-111288.0,-226.0,0.0349,165770.0,180.0,FALL
2020-03-12,1700.0,1705.0,1735.0,1575.0,635347.0,11630.0,-11917.0,287.0,0.0374,165996.0,55.0,FALL
2020-03-11,1755.0,1855.0,1860.0,1755.0,252797.0,17200.0,-17247.0,47.0,0.0377,165709.0,85.0,FALL
2020-03-10,1840.0,1800.0,1845.0,1785.0,269429.0,59198.0,-59556.0,358.0,0.0378,165662.0,15.0,FALL
2020-03-09,1855.0,1885.0,1910.0,1815.0,293165.0,22677.0,-22834.0,157.0,0.0392,165304.0,90.0,FALL
2020-03-06,1945.0,2000.0,2005.0,1920.0,190532.0,48783.0,-48871.0,88.0,0.0397,165147.0,25.0,FALL
2020-03-05,1970.0,1985.0,2000.0,1950.0,129218.0,-20861.0,20695.0,166.0,0.0409,165059.0,10.0,RISE
2020-03-04,1960.0,1910.0,1960.0,1895.0,157186.0,-18436.0,18124.0,312.0,0.0404,164893.0,30.0,RISE
2020-03-03,1930.0,1930.0,1970.0,1920.0,211476.0,-970.0,702.0,268.0,0.04,164581.0,30.0,RISE
2020-03-02,1900.0,1855.0,1915.0,1815.0,199840.0,-39780.0,39596.0,184.0,0.0399,164313.0,40.0,RISE
2020-02-28,1860.0,1950.0,1965.0,1850.0,473555.0,49036.0,-49186.0,150.0,0.039,164129.0,120.0,FALL
2020-02-27,1980.0,2070.0,2070.0,1980.0,297094.0,28860.0,-28497.0,-363.0,0.0402,163979.0,85.0,FALL
2020-02-26,2065.0,2050.0,2070.0,2020.0,90053.0,-2536.0,2472.0,64.0,0.0406,164342.0,0.0,EVEN
2020-02-25,2065.0,2000.0,2095.0,2000.0,328511.0,-13735.0,13512.0,223.0,0.0405,164278.0,10.0,FALL
2020-02-24,2075.0,2135.0,2145.0,2000.0,396681.0,65528.0,-65735.0,207.0,0.0402,164055.0,100.0,FALL
2020-02-21,2175.0,2170.0,2180.0,2120.0,150306.0,42767.0,-43004.0,237.0,0.0417,163848.0,10.0,FALL
2020-02-20,2185.0,2165.0,2185.0,2110.0,145251.0,36854.0,-36975.0,121.0,0.0427,163611.0,10.0,RISE
2020-02-19,2175.0,2205.0,2220.0,2150.0,100832.0,23581.0,-23502.0,-79.0,0.0436,163490.0,30.0,FALL
2020-02-18,2205.0,2210.0,2245.0,2170.0,166366.0,27301.0,-27372.0,71.0,0.0443,163569.0,5.0,RISE
2020-02-17,2200.0,2220.0,2230.0,2185.0,145380.0,-6538.0,6504.0,34.0,0.0449,163498.0,15.0,FALL
2020-02-14,2215.0,2195.0,2250.0,2165.0,432757.0,11091.0,-10004.0,-1087.0,0.0448,163464.0,20.0,RISE
2020-02-13,2195.0,2195.0,2230.0,2170.0,159575.0,-8440.0,8545.0,-105.0,0.045,164551.0,0.0,EVEN
2020-02-12,2195.0,2195.0,2205.0,2170.0,157028.0,-17860.0,17667.0,193.0,0.0448,164656.0,0.0,EVEN
2020-02-11,2195.0,2215.0,2225.0,2180.0,162420.0,-24337.0,24357.0,-20.0,0.0444,164463.0,25.0,FALL
2020-02-10,2220.0,2230.0,2230.0,2190.0,59730.0,-6258.0,6339.0,-81.0,0.0438,164483.0,5.0,FALL
2020-02-07,2225.0,2230.0,2250.0,2190.0,82456.0,-14439.0,14496.0,-57.0,0.0437,164564.0,5.0,FALL
2020-02-06,2230.0,2215.0,2235.0,2210.0,97415.0,-13384.0,13526.0,-142.0,0.0433,164621.0,0.0,EVEN
2020-02-05,2230.0,2145.0,2270.0,2130.0,141281.0,3937.0,-3862.0,-75.0,0.043,164763.0,75.0,RISE
2020-02-04,2155.0,2130.0,2170.0,2125.0,95023.0,-32815.0,31777.0,1038.0,0.0431,164838.0,35.0,RISE
2020-02-03,2120.0,2110.0,2160.0,2010.0,157842.0,14081.0,-15520.0,1439.0,0.0424,163800.0,20.0,FALL
2020-01-31,2140.0,2135.0,2275.0,2120.0,186712.0,14580.0,-14795.0,215.0,0.0428,162361.0,30.0,FALL
2020-01-30,2170.0,2200.0,2200.0,2115.0,112965.0,32217.0,-32113.0,-104.0,0.0431,162146.0,15.0,FALL
2020-01-29,2185.0,2165.0,2200.0,2135.0,70801.0,7129.0,-6976.0,-153.0,0.0438,162250.0,55.0,RISE
2020-01-28,2130.0,2225.0,2225.0,2130.0,211167.0,39273.0,-39375.0,102.0,0.044,162403.0,110.0,FALL
2020-01-23,2240.0,2230.0,2275.0,2200.0,128904.0,-6345.0,6798.0,-453.0,0.0449,162301.0,10.0,RISE
2020-01-22,2230.0,2200.0,2250.0,2195.0,83386.0,4268.0,-4235.0,-33.0,0.0447,162754.0,20.0,RISE
2020-01-21,2210.0,2240.0,2270.0,2210.0,107901.0,2742.0,-2752.0,10.0,0.0448,162787.0,30.0,FALL
2020-01-20,2240.0,2250.0,2270.0,2210.0,147758.0,2585.0,-2278.0,-307.0,0.0449,162777.0,10.0,FALL
2020-01-17,2250.0,2270.0,2270.0,2225.0,114628.0,14152.0,-13976.0,-176.0,0.045,163084.0,10.0,FALL
2020-01-16,2260.0,2260.0,2270.0,2240.0,79966.0,5103.0,-5143.0,40.0,0.0452,163260.0,0.0,EVEN
2020-01-15,2260.0,2230.0,2270.0,2215.0,110828.0,-5342.0,7753.0,-2411.0,0.0454,163220.0,35.0,RISE
2020-01-14,2225.0,2230.0,2240.0,2200.0,56190.0,10421.0,-8883.0,-1538.0,0.0452,165631.0,0.0,EVEN
2020-01-13,2225.0,2180.0,2250.0,2170.0,113809.0,-33276.0,35241.0,-1965.0,0.0452,167169.0,25.0,RISE
2020-01-10,2200.0,2180.0,2215.0,2175.0,125484.0,50520.0,4866.0,-55386.0,0.0444,169134.0,0.0,EVEN
2020-01-09,2200.0,2130.0,2205.0,2130.0,111467.0,-13722.0,14084.0,-362.0,0.0443,224520.0,110.0,RISE
2020-01-08,2090.0,2170.0,2170.0,2085.0,170854.0,32236.0,-31195.0,-1041.0,0.0439,224882.0,100.0,FALL
2020-01-07,2190.0,2200.0,2225.0,2165.0,112272.0,44315.0,-43800.0,-515.0,0.0447,225923.0,40.0,FALL
2020-01-06,2230.0,2235.0,2270.0,2145.0,168060.0,53345.0,-53181.0,-164.0,0.0457,226438.0,5.0,FALL
2020-01-03,2235.0,2285.0,2295.0,2235.0,72682.0,20819.0,-20065.0,-754.0,0.0469,226602.0,60.0,FALL
2020-01-02,2295.0,2300.0,2310.0,2245.0,78565.0,2615.0,-2911.0,296.0,0.0474,227356.0,15.0,RISE
2019-12-30,2280.0,2300.0,2375.0,2260.0,54612.0,10242.0,-10109.0,-133.0,0.0474,227060.0,40.0,FALL
2019-12-27,2320.0,2310.0,2320.0,2155.0,126036.0,-1667.0,2622.0,-955.0,0.0477,227193.0,10.0,RISE
2019-12-26,2310.0,2270.0,2315.0,2260.0,234870.0,-19663.0,13239.0,6424.0,0.0476,228148.0,40.0,RISE
2019-12-24,2270.0,2240.0,2300.0,2240.0,348645.0,-48281.0,49015.0,-734.0,0.0473,221724.0,0.0,EVEN
2019-12-23,2270.0,2265.0,2275.0,2240.0,106756.0,-1739.0,3717.0,-1978.0,0.0462,222458.0,0.0,EVEN
2019-12-20,2270.0,2235.0,2275.0,2220.0,99081.0,-456.0,6625.0,-6169.0,0.0462,224436.0,35.0,RISE
2019-12-19,2235.0,2250.0,2265.0,2230.0,87391.0,-13969.0,15970.0,-2001.0,0.0453,230605.0,15.0,FALL
2019-12-18,2250.0,2225.0,2260.0,2215.0,124362.0,-10675.0,10672.0,3.0,0.045,232606.0,20.0,RISE
2019-12-17,2230.0,2225.0,2235.0,2200.0,183674.0,-5558.0,1702.0,3856.0,0.0447,232603.0,20.0,RISE
2019-12-16,2210.0,2210.0,2220.0,2180.0,83853.0,-14816.0,14823.0,-7.0,0.0447,228747.0,0.0,EVEN
2019-12-13,2210.0,2200.0,2215.0,2175.0,119008.0,-23724.0,24923.0,-1199.0,0.0443,228754.0,20.0,RISE
2019-12-12,2190.0,2180.0,2200.0,2100.0,102428.0,-12976.0,13373.0,-397.0,0.0438,229953.0,35.0,RISE
2019-12-11,2155.0,2165.0,2185.0,2150.0,70317.0,-1949.0,7505.0,-5556.0,0.0435,230350.0,15.0,RISE
2019-12-10,2140.0,2125.0,2165.0,2125.0,52896.0,-1831.0,1835.0,-4.0,0.0433,235906.0,0.0,EVEN
2019-12-09,2140.0,2155.0,2165.0,2140.0,58548.0,433.0,-3849.0,3416.0,0.0432,235910.0,30.0,FALL
2019-12-06,2170.0,2130.0,2195.0,2125.0,114081.0,-17295.0,17319.0,-24.0,0.0433,232494.0,10.0,RISE
2019-12-05,2160.0,2140.0,2160.0,2110.0,103853.0,22822.0,-22891.0,69.0,0.0429,232518.0,15.0,RISE
2019-12-04,2145.0,2120.0,2155.0,2105.0,159239.0,-16995.0,12727.0,4268.0,0.0435,232449.0,0.0,EVEN
2019-12-03,2145.0,2125.0,2180.0,2110.0,190288.0,12676.0,-16926.0,4250.0,0.0432,228181.0,20.0,FALL
2019-12-02,2165.0,2170.0,2175.0,2120.0,134677.0,14542.0,-18776.0,4234.0,0.0436,223931.0,5.0,FALL
2019-11-29,2170.0,2160.0,2190.0,2095.0,343561.0,34660.0,-34682.0,22.0,0.044,219697.0,5.0,RISE
2019-11-28,2165.0,2155.0,2185.0,2155.0,105723.0,26182.0,-26178.0,-4.0,0.0448,219675.0,0.0,EVEN
2019-11-27,2165.0,2175.0,2215.0,2160.0,100605.0,33970.0,-28077.0,-5893.0,0.0454,219679.0,20.0,FALL
2019-11-26,2185.0,2160.0,2190.0,2160.0,129832.0,17566.0,-6067.0,-11499.0,0.046,225572.0,20.0,RISE
2019-11-25,2165.0,2155.0,2200.0,2155.0,95381.0,15435.0,-5492.0,-9943.0,0.0462,237071.0,10.0,RISE
2019-11-22,2155.0,2145.0,2175.0,2145.0,122908.0,21284.0,-14551.0,-6733.0,0.0463,247014.0,0.0,EVEN
2019-11-21,2155.0,2230.0,2250.0,2150.0,159792.0,51839.0,-49351.0,-2488.0,0.0466,253747.0,65.0,FALL
2019-11-20,2220.0,2290.0,2300.0,2210.0,149404.0,40414.0,-29771.0,-10643.0,0.0478,256235.0,80.0,FALL
2019-11-19,2300.0,2300.0,2310.0,2275.0,141797.0,9891.0,-2696.0,-7195.0,0.0485,266878.0,10.0,FALL
2019-11-18,2310.0,2320.0,2350.0,2305.0,263850.0,-20109.0,28818.0,-8709.0,0.0485,274073.0,25.0,RISE
2019-11-15,2285.0,2295.0,2300.0,2255.0,117725.0,-10319.0,10446.0,-127.0,0.0479,282782.0,20.0,RISE
2019-11-14,2265.0,2290.0,2315.0,2250.0,154900.0,-26631.0,27982.0,-1351.0,0.0476,282909.0,15.0,FALL
2019-11-13,2280.0,2315.0,2335.0,2260.0,308199.0,-26601.0,26776.0,-175.0,0.047,284260.0,5.0,FALL
2019-11-12,2285.0,2260.0,2285.0,2260.0,84062.0,-24558.0,11693.0,12865.0,0.0464,284435.0,25.0,RISE
2019-11-11,2260.0,2295.0,2300.0,2240.0,79123.0,-12149.0,12253.0,-104.0,0.0461,271570.0,25.0,FALL
2019-11-08,2285.0,2280.0,2295.0,2270.0,51494.0,-18660.0,18909.0,-249.0,0.0458,271674.0,15.0,RISE
2019-11-07,2270.0,2290.0,2295.0,2250.0,65795.0,-4091.0,3741.0,350.0,0.0454,271923.0,20.0,FALL
2019-11-06,2290.0,2285.0,2310.0,2240.0,126514.0,-23113.0,23178.0,-65.0,0.0456,271573.0,40.0,RISE
2019-11-05,2250.0,2280.0,2290.0,2250.0,144763.0,-14601.0,14652.0,-51.0,0.0451,271638.0,5.0,RISE
2019-11-04,2245.0,2185.0,2245.0,2180.0,129641.0,-42676.0,44456.0,-1780.0,0.0447,271689.0,65.0,RISE
2019-11-01,2180.0,2165.0,2205.0,2145.0,111207.0,-25974.0,25966.0,8.0,0.0436,273469.0,10.0,RISE
2019-10-31,2170.0,2185.0,2220.0,2160.0,151648.0,-25408.0,24432.0,976.0,0.043,273461.0,30.0,FALL
2019-10-30,2200.0,2230.0,2230.0,2160.0,208945.0,-161.0,1103.0,-942.0,0.0424,272485.0,50.0,FALL
2019-10-29,2250.0,2235.0,2255.0,2215.0,88327.0,-5477.0,6431.0,-954.0,0.0424,273427.0,10.0,RISE
2019-10-28,2240.0,2270.0,2280.0,2235.0,93954.0,-1782.0,-2021.0,3803.0,0.0423,274381.0,15.0,FALL
2019-10-25,2255.0,2280.0,2315.0,2235.0,142824.0,30619.0,-31174.0,555.0,0.0424,270578.0,45.0,FALL
2019-10-24,2300.0,2235.0,2315.0,2230.0,176222.0,-24583.0,24696.0,-113.0,0.0431,270023.0,50.0,RISE
2019-10-23,2250.0,2270.0,2390.0,2240.0,333169.0,39048.0,-38029.0,-1019.0,0.0426,270136.0,100.0,FALL
2019-10-22,2350.0,2250.0,2380.0,2250.0,192635.0,25406.0,-25174.0,-232.0,0.0435,271155.0,60.0,RISE
2019-10-21,2290.0,2270.0,2330.0,2190.0,284243.0,-23064.0,23158.0,-94.0,0.044,271387.0,15.0,RISE
2019-10-18,2275.0,2300.0,2335.0,2275.0,79862.0,-13283.0,13400.0,-117.0,0.0435,271481.0,35.0,FALL
2019-10-17,2310.0,2365.0,2365.0,2285.0,118973.0,-9953.0,1649.0,8304.0,0.0432,271598.0,50.0,FALL
2019-10-16,2360.0,2340.0,2385.0,2325.0,144891.0,-11423.0,11481.0,-58.0,0.0432,263294.0,5.0,RISE
2019-10-15,2355.0,2350.0,2380.0,2335.0,77058.0,2215.0,-2018.0,-197.0,0.0429,263352.0,15.0,FALL
2019-10-14,2370.0,2325.0,2400.0,2295.0,266643.0,-19066.0,20156.0,-1090.0,0.0429,263549.0,45.0,RISE
2019-10-11,2325.0,2275.0,2325.0,2240.0,161887.0,18215.0,-58086.0,39871.0,0.0424,264639.0,35.0,RISE
2019-10-10,2290.0,2130.0,2330.0,2130.0,273667.0,16096.0,-16259.0,163.0,0.0436,224768.0,125.0,RISE
2019-10-08,2165.0,2150.0,2185.0,2135.0,201715.0,-24734.0,24737.0,-3.0,0.0438,224605.0,40.0,RISE
2019-10-07,2125.0,2250.0,2260.0,2100.0,907151.0,-75632.0,74631.0,1001.0,0.0432,224608.0,330.0,FALL
2019-10-04,2455.0,2500.0,2505.0,2415.0,240408.0,22350.0,-22274.0,-76.0,0.0415,223607.0,15.0,FALL
2019-10-02,2470.0,2505.0,2550.0,2430.0,1103285.0,124501.0,-124488.0,-13.0,0.042,223683.0,45.0,RISE
2019-10-01,2425.0,2425.0,2450.0,2380.0,83567.0,8074.0,-8200.0,126.0,0.0449,223696.0,0.0,EVEN
2019-09-30,2425.0,2385.0,2490.0,2345.0,267406.0,57940.0,-57962.0,22.0,0.0451,223570.0,5.0,RISE
2019-09-27,2420.0,2390.0,2460.0,2390.0,149681.0,-13433.0,13545.0,-112.0,0.0464,223548.0,30.0,FALL
2019-09-26,2450.0,2390.0,2450.0,2325.0,352737.0,-55860.0,55876.0,-16.0,0.0461,223660.0,120.0,RISE
2019-09-25,2330.0,2485.0,2485.0,2325.0,334836.0,-72696.0,72793.0,-97.0,0.0448,223676.0,125.0,FALL
2019-09-24,2455.0,2490.0,2515.0,2445.0,281669.0,-75926.0,75204.0,722.0,0.0432,223773.0,60.0,FALL
2019-09-23,2515.0,2570.0,2575.0,2490.0,302508.0,47546.0,-47446.0,-100.0,0.0414,223051.0,5.0,FALL
2019-09-20,2520.0,2505.0,2520.0,2465.0,298111.0,-40644.0,40834.0,-190.0,0.0425,223151.0,50.0,RISE
2019-09-19,2470.0,2540.0,2540.0,2460.0,434241.0,61689.0,-62438.0,749.0,0.0416,223341.0,20.0,FALL
2019-09-18,2490.0,2405.0,2505.0,2370.0,530446.0,-31964.0,32030.0,-66.0,0.043,222592.0,85.0,RISE
2019-09-17,2405.0,2380.0,2425.0,2340.0,482893.0,-11758.0,11834.0,-76.0,0.0423,222658.0,5.0,RISE
2019-09-16,2400.0,2350.0,2490.0,2310.0,1724189.0,9826.0,-9786.0,-40.0,0.042,222734.0,110.0,RISE
2019-09-11,2290.0,2300.0,2305.0,2230.0,968990.0,-25951.0,26356.0,-405.0,0.0422,222774.0,30.0,RISE
2019-09-10,2260.0,2140.0,2525.0,2125.0,8931298.0,233301.0,-229194.0,-4107.0,0.0416,223179.0,175.0,RISE
2019-09-09,2085.0,2120.0,2120.0,2085.0,50324.0,3183.0,-3186.0,3.0,0.0446,227286.0,25.0,FALL
2019-09-06,2110.0,2115.0,2135.0,2090.0,61156.0,9204.0,-8725.0,-479.0,0.0442,227283.0,5.0,FALL
2019-09-05,2115.0,2120.0,2135.0,2110.0,84740.0,3880.0,-3517.0,-363.0,0.0444,227762.0,5.0,FALL
2019-09-04,2120.0,2110.0,2125.0,2085.0,82159.0,404.0,-5674.0,5270.0,0.0445,228125.0,5.0,RISE
2019-09-03,2115.0,2085.0,2125.0,2085.0,94150.0,-12365.0,5522.0,6843.0,0.0446,222855.0,5.0,RISE
2019-09-02,2110.0,2080.0,2115.0,2070.0,80837.0,-23754.0,9862.0,13892.0,0.0445,216012.0,5.0,RISE
2019-08-30,2105.0,2060.0,2110.0,2060.0,92025.0,-11430.0,11636.0,-206.0,0.0443,202120.0,50.0,RISE
2019-08-29,2055.0,2080.0,2080.0,2025.0,71994.0,-13217.0,11555.0,1662.0,0.044,202326.0,10.0,FALL
2019-08-28,2065.0,2050.0,2080.0,2040.0,76031.0,3889.0,-3878.0,-11.0,0.0438,200664.0,30.0,RISE
2019-08-27,2035.0,2030.0,2105.0,2030.0,140566.0,6743.0,-23273.0,16530.0,0.0438,200675.0,45.0,RISE
2019-08-26,1990.0,2005.0,2025.0,1975.0,164042.0,-33741.0,17660.0,16081.0,0.0444,184145.0,50.0,FALL
2019-08-23,2040.0,2075.0,2090.0,2040.0,159442.0,-11007.0,11282.0,-275.0,0.044,168064.0,35.0,FALL
2019-08-22,2075.0,2120.0,2120.0,2035.0,211688.0,-23150.0,23138.0,12.0,0.0437,168339.0,35.0,FALL
2019-08-21,2110.0,2090.0,2125.0,2090.0,98748.0,-3388.0,3176.0,212.0,0.0432,168327.0,5.0,FALL
2019-08-20,2115.0,2100.0,2120.0,2075.0,104334.0,10207.0,-10075.0,-132.0,0.0431,168115.0,25.0,RISE
2019-08-19,2090.0,2070.0,2125.0,2065.0,154206.0,-13017.0,12764.0,253.0,0.0433,168247.0,50.0,RISE
2019-08-16,2040.0,2020.0,2075.0,2005.0,165597.0,1750.0,15794.0,-17544.0,0.043,167994.0,40.0,FALL
2019-08-14,2080.0,2065.0,2090.0,2045.0,122141.0,39251.0,-39147.0,-104.0,0.0427,185538.0,45.0,RISE
2019-08-13,2035.0,2010.0,2100.0,1995.0,106460.0,-3371.0,3483.0,-112.0,0.0436,185642.0,5.0,FALL
2019-08-12,2040.0,2000.0,2050.0,1960.0,234202.0,33927.0,-32363.0,-1564.0,0.0435,185754.0,60.0,RISE
2019-08-09,1980.0,1930.0,1995.0,1920.0,175778.0,4346.0,-4698.0,352.0,0.0442,187318.0,75.0,RISE
2019-08-08,1905.0,1820.0,1930.0,1820.0,278258.0,-21518.0,20814.0,704.0,0.0444,186966.0,100.0,RISE
2019-08-07,1805.0,1720.0,1810.0,1720.0,564344.0,-154694.0,154682.0,12.0,0.0441,186262.0,80.0,RISE
2019-08-06,1725.0,1760.0,1940.0,1725.0,1131781.0,-193597.0,193509.0,88.0,0.0405,186250.0,140.0,FALL
2019-08-05,1865.0,2085.0,2115.0,1815.0,532542.0,-36272.0,36741.0,-469.0,0.0361,186162.0,235.0,FALL
2019-08-02,2100.0,2060.0,2135.0,2045.0,125440.0,-14735.0,14671.0,64.0,0.0352,186631.0,5.0,FALL
2019-08-01,2105.0,2160.0,2170.0,2105.0,124719.0,23060.0,-21956.0,-1104.0,0.0349,186567.0,65.0,FALL
2019-07-31,2170.0,2125.0,2175.0,2075.0,133181.0,10088.0,-10052.0,-36.0,0.0354,187671.0,15.0,RISE
2019-07-30,2155.0,2145.0,2185.0,2125.0,167529.0,39492.0,-39519.0,27.0,0.0356,187707.0,55.0,FALL
2019-07-29,2210.0,2200.0,2215.0,2065.0,487563.0,5714.0,-5728.0,14.0,0.0365,187680.0,10.0,FALL
2019-07-26,2220.0,2245.0,2270.0,2180.0,178138.0,10676.0,-10710.0,34.0,0.0367,187666.0,30.0,FALL
2019-07-25,2250.0,2305.0,2345.0,2230.0,189010.0,32604.0,-32710.0,106.0,0.0369,187632.0,80.0,FALL
2019-07-24,2330.0,2375.0,2375.0,2325.0,132339.0,8801.0,-9026.0,225.0,0.0375,187526.0,30.0,FALL
2019-07-23,2360.0,2365.0,2395.0,2355.0,62545.0,9595.0,-14852.0,5257.0,0.0377,187301.0,20.0,FALL
2019-07-22,2380.0,2335.0,2385.0,2335.0,76242.0,4268.0,-4682.0,414.0,0.0381,182044.0,25.0,RISE
2019-07-19,2355.0,2330.0,2375.0,2330.0,77451.0,10478.0,-10283.0,-195.0,0.0382,181630.0,35.0,RISE
2019-07-18,2320.0,2360.0,2375.0,2320.0,133913.0,13483.0,-13580.0,97.0,0.0384,181825.0,35.0,FALL
2019-07-17,2355.0,2375.0,2420.0,2340.0,175500.0,-6735.0,6651.0,84.0,0.0387,181728.0,55.0,FALL
2019-07-16,2410.0,2420.0,2440.0,2390.0,85633.0,-1811.0,1961.0,-150.0,0.0386,181644.0,20.0,FALL
2019-07-15,2430.0,2450.0,2455.0,2425.0,49860.0,768.0,-1005.0,237.0,0.0385,181794.0,20.0,FALL
2019-07-12,2450.0,2435.0,2460.0,2415.0,110219.0,-6849.0,6872.0,-23.0,0.0385,181557.0,0.0,EVEN
2019-07-11,2450.0,2395.0,2460.0,2375.0,125711.0,-4088.0,4168.0,-80.0,0.0384,181580.0,85.0,RISE
2019-07-10,2365.0,2310.0,2405.0,2310.0,158441.0,-8346.0,8383.0,-37.0,0.0383,181660.0,25.0,RISE
2019-07-09,2340.0,2435.0,2435.0,2310.0,191829.0,10492.0,-10597.0,105.0,0.0381,181697.0,40.0,FALL
2019-07-08,2380.0,2545.0,2545.0,2380.0,219059.0,59357.0,-59313.0,-44.0,0.0383,181592.0,165.0,FALL
2019-07-05,2545.0,2515.0,2555.0,2515.0,196640.0,-370.0,387.0,-17.0,0.0397,181636.0,30.0,RISE
2019-07-04,2515.0,2515.0,2540.0,2455.0,136149.0,15317.0,-15244.0,-73.0,0.0397,181653.0,15.0,RISE
2019-07-03,2500.0,2595.0,2620.0,2500.0,238952.0,35818.0,-35835.0,17.0,0.0401,181726.0,105.0,FALL
2019-07-02,2605.0,2570.0,2620.0,2565.0,244098.0,-36089.0,36023.0,66.0,0.0409,181709.0,20.0,RISE
2019-07-01,2585.0,2635.0,2640.0,2540.0,374421.0,28320.0,-28340.0,20.0,0.0401,181643.0,85.0,RISE
2019-06-28,2500.0,2535.0,2555.0,2460.0,148726.0,2776.0,-2966.0,190.0,0.0407,181623.0,35.0,FALL
2019-06-27,2535.0,2600.0,2610.0,2510.0,123557.0,4101.0,-5229.0,1128.0,0.0407,181433.0,40.0,FALL
2019-06-26,2575.0,2575.0,2595.0,2540.0,117006.0,4776.0,-4719.0,-57.0,0.0408,180305.0,15.0,RISE
2019-06-25,2560.0,2640.0,2650.0,2535.0,258242.0,56817.0,-59024.0,2207.0,0.0409,180362.0,85.0,FALL
2019-06-24,2645.0,2630.0,2645.0,2620.0,347561.0,-26716.0,26771.0,-55.0,0.0423,178155.0,70.0,RISE
2019-06-21,2575.0,2630.0,2635.0,2570.0,134921.0,12124.0,-11620.0,-504.0,0.0417,178210.0,40.0,FALL
2019-06-20,2615.0,2665.0,2665.0,2590.0,120086.0,9356.0,-12226.0,2870.0,0.042,178714.0,5.0,FALL
2019-06-19,2620.0,2565.0,2635.0,2565.0,338917.0,-86068.0,86171.0,-103.0,0.0422,175844.0,65.0,RISE
2019-06-18,2555.0,2555.0,2580.0,2535.0,161028.0,-12844.0,12098.0,746.0,0.0403,175947.0,0.0,EVEN
2019-06-17,2555.0,2580.0,2600.0,2535.0,104488.0,7865.0,-3494.0,-4371.0,0.04,175201.0,35.0,FALL
2019-06-14,2590.0,2585.0,2595.0,2555.0,121783.0,6491.0,-5243.0,-1248.0,0.0402,179572.0,5.0,RISE
2019-06-13,2585.0,2565.0,2590.0,2550.0,155374.0,-47421.0,38787.0,8634.0,0.0404,180820.0,25.0,RISE
2019-06-12,2560.0,2595.0,2615.0,2540.0,347887.0,36943.0,-40249.0,3306.0,0.0395,172186.0,10.0,RISE
2019-06-11,2550.0,2505.0,2550.0,2495.0,254509.0,-81752.0,74814.0,6938.0,0.0404,168880.0,45.0,RISE
2019-06-10,2505.0,2500.0,2540.0,2480.0,358023.0,14937.0,-19199.0,4262.0,0.0387,161942.0,20.0,RISE
2019-06-07,2485.0,2475.0,2485.0,2460.0,109940.0,-19400.0,17012.0,2388.0,0.0391,157680.0,15.0,RISE
2019-06-05,2470.0,2430.0,2470.0,2410.0,197819.0,-55215.0,55250.0,-35.0,0.0389,155292.0,55.0,RISE
2019-06-04,2415.0,2380.0,2420.0,2375.0,121044.0,-24331.0,30586.0,-6255.0,0.0376,155327.0,35.0,RISE
2019-06-03,2380.0,2380.0,2405.0,2355.0,83560.0,19399.0,-15405.0,-3994.0,0.037000000000000005,161582.0,10.0,FALL
2019-05-31,2390.0,2370.0,2400.0,2360.0,75389.0,-11229.0,10454.0,775.0,0.0372,165576.0,25.0,RISE
2019-05-30,2365.0,2390.0,2415.0,2365.0,124538.0,3570.0,-4383.0,813.0,0.037000000000000005,164801.0,45.0,FALL
2019-05-29,2410.0,2460.0,2460.0,2380.0,121383.0,26262.0,-26346.0,84.0,0.0371,163988.0,35.0,FALL
2019-05-28,2445.0,2400.0,2460.0,2400.0,104740.0,-37108.0,37266.0,-158.0,0.0377,163904.0,35.0,RISE
2019-05-27,2410.0,2425.0,2460.0,2395.0,78845.0,7064.0,-7672.0,608.0,0.0368,164062.0,25.0,FALL
2019-05-24,2435.0,2450.0,2475.0,2400.0,161078.0,20687.0,-20915.0,228.0,0.037000000000000005,163454.0,50.0,FALL
2019-05-23,2485.0,2420.0,2510.0,2420.0,379321.0,64178.0,-65201.0,1023.0,0.0375,163226.0,40.0,RISE
2019-05-22,2445.0,2410.0,2470.0,2410.0,111625.0,-19302.0,18484.0,818.0,0.039,162203.0,20.0,RISE
2019-05-21,2425.0,2445.0,2490.0,2420.0,105963.0,10525.0,-10806.0,281.0,0.0386,161385.0,25.0,FALL
2019-05-20,2450.0,2500.0,2525.0,2450.0,380580.0,84887.0,-85943.0,1056.0,0.0388,161104.0,0.0,EVEN
2019-05-17,2450.0,2360.0,2500.0,2360.0,510432.0,-41743.0,29980.0,11763.0,0.0408,160048.0,80.0,RISE
2019-05-16,2370.0,2350.0,2405.0,2350.0,158974.0,-12380.0,11108.0,1272.0,0.04,148285.0,30.0,RISE
2019-05-15,2340.0,2295.0,2350.0,2290.0,106968.0,-27205.0,26071.0,1134.0,0.0398,147013.0,50.0,RISE
2019-05-14,2290.0,2280.0,2320.0,2260.0,198367.0,-31151.0,27728.0,3423.0,0.0392,145879.0,10.0,FALL
2019-05-13,2300.0,2300.0,2380.0,2295.0,200445.0,-32317.0,31519.0,798.0,0.0385,142456.0,20.0,FALL
2019-05-10,2320.0,2380.0,2400.0,2305.0,315418.0,30866.0,-31875.0,1009.0,0.0378,141658.0,60.0,FALL
2019-05-09,2380.0,2470.0,2470.0,2360.0,283073.0,81481.0,-90963.0,9482.0,0.0384,140649.0,75.0,FALL
2019-05-08,2455.0,2455.0,2485.0,2445.0,161162.0,4744.0,-9308.0,4564.0,0.0404,131167.0,0.0,EVEN
2019-05-07,2455.0,2430.0,2475.0,2430.0,224440.0,-11215.0,8488.0,2727.0,0.0406,126603.0,65.0,FALL
2019-05-03,2520.0,2520.0,2530.0,2500.0,107017.0,26952.0,-26783.0,-169.0,0.0404,123876.0,5.0,RISE
2019-05-02,2515.0,2450.0,2515.0,2450.0,139989.0,-12133.0,11356.0,777.0,0.041,124045.0,45.0,RISE
2019-04-30,2470.0,2455.0,2480.0,2425.0,178833.0,-15887.0,15099.0,788.0,0.0406,123268.0,35.0,RISE
2019-04-29,2435.0,2490.0,2500.0,2430.0,160969.0,9725.0,-12325.0,2600.0,0.0402,122480.0,45.0,FALL
2019-04-26,2480.0,2510.0,2520.0,2470.0,105331.0,12146.0,-13256.0,1110.0,0.0405,119880.0,5.0,FALL
2019-04-25,2485.0,2535.0,2540.0,2480.0,191362.0,43118.0,-45982.0,2864.0,0.0407,118770.0,50.0,FALL
2019-04-24,2535.0,2565.0,2575.0,2525.0,131018.0,25491.0,-25251.0,-240.0,0.0418,115906.0,30.0,FALL
2019-04-23,2565.0,2580.0,2605.0,2560.0,134562.0,29837.0,-30909.0,1072.0,0.0428,116146.0,25.0,FALL
2019-04-22,2590.0,2595.0,2620.0,2575.0,155554.0,-9295.0,9181.0,114.0,0.0436,115074.0,10.0,RISE
2019-04-19,2580.0,2570.0,2590.0,2555.0,129796.0,-16490.0,15651.0,839.0,0.0433,114960.0,15.0,RISE
2019-04-18,2565.0,2575.0,2620.0,2560.0,331631.0,-5204.0,-12590.0,17794.0,0.043,114121.0,0.0,EVEN
2019-04-17,2565.0,2580.0,2590.0,2555.0,151971.0,-7433.0,5771.0,1662.0,0.0433,96327.0,15.0,FALL
2019-04-16,2580.0,2585.0,2610.0,2535.0,204286.0,-9902.0,9602.0,300.0,0.0429,94665.0,0.0,EVEN
2019-04-15,2580.0,2620.0,2625.0,2570.0,166339.0,14076.0,-15570.0,1494.0,0.0426,94365.0,5.0,FALL
2019-04-12,2585.0,2600.0,2605.0,2570.0,237671.0,24906.0,-23852.0,-1054.0,0.043,92871.0,55.0,FALL
2019-04-11,2640.0,2600.0,2660.0,2600.0,322801.0,-88041.0,81009.0,7032.0,0.0436,93925.0,25.0,RISE
2019-04-10,2615.0,2600.0,2625.0,2590.0,190239.0,-5325.0,6247.0,-922.0,0.0417,86893.0,5.0,RISE
2019-04-09,2610.0,2610.0,2620.0,2570.0,217559.0,11190.0,-10348.0,-842.0,0.0415,87815.0,5.0,FALL
2019-04-08,2615.0,2670.0,2675.0,2595.0,266818.0,56908.0,-56871.0,-37.0,0.0417,88657.0,15.0,FALL
2019-04-05,2630.0,2565.0,2660.0,2560.0,530263.0,-32264.0,32529.0,-265.0,0.043,88694.0,65.0,RISE
2019-04-04,2565.0,2580.0,2585.0,2545.0,164091.0,18732.0,-18681.0,-51.0,0.0423,88959.0,15.0,FALL
2019-04-03,2580.0,2550.0,2590.0,2540.0,272009.0,-5029.0,5055.0,-26.0,0.0427,89010.0,30.0,RISE
2019-04-02,2550.0,2565.0,2575.0,2520.0,155219.0,-15028.0,14865.0,163.0,0.0426,89036.0,10.0,FALL
2019-04-01,2560.0,2560.0,2570.0,2530.0,288736.0,29674.0,-29831.0,157.0,0.0422,88873.0,35.0,RISE
2019-03-29,2525.0,2415.0,2535.0,2405.0,532878.0,31495.0,-31439.0,-56.0,0.0429,88716.0,80.0,RISE
2019-03-28,2445.0,2460.0,2480.0,2440.0,102407.0,14916.0,-14970.0,54.0,0.0437,88772.0,15.0,FALL
2019-03-27,2460.0,2455.0,2515.0,2450.0,177455.0,-276.0,101.0,175.0,0.044,88718.0,10.0,FALL
2019-03-26,2470.0,2480.0,2490.0,2450.0,118891.0,29526.0,-29552.0,26.0,0.0438,88543.0,0.0,EVEN
2019-03-25,2470.0,2435.0,2470.0,2420.0,245467.0,-12075.0,12234.0,-159.0,0.0444,88517.0,0.0,EVEN
2019-03-22,2470.0,2470.0,2485.0,2435.0,136323.0,17352.0,-12741.0,-4611.0,0.0442,88676.0,5.0,FALL
2019-03-21,2475.0,2500.0,2510.0,2465.0,123489.0,34067.0,-29515.0,-4552.0,0.0445,93287.0,25.0,FALL
2019-03-20,2500.0,2530.0,2530.0,2460.0,135214.0,32097.0,-34938.0,2841.0,0.0451,97839.0,30.0,FALL
2019-03-19,2530.0,2515.0,2555.0,2510.0,151569.0,13126.0,-13148.0,22.0,0.0461,94998.0,15.0,RISE
2019-03-18,2515.0,2460.0,2520.0,2450.0,265313.0,-94314.0,88725.0,5589.0,0.0464,94976.0,95.0,RISE
2019-03-15,2420.0,2545.0,2550.0,2375.0,603731.0,105930.0,-111440.0,5510.0,0.0444,89387.0,125.0,FALL
2019-03-14,2545.0,2500.0,2555.0,2500.0,142481.0,-17243.0,-1214.0,18457.0,0.047,83877.0,45.0,RISE
2019-03-13,2500.0,2550.0,2565.0,2465.0,289639.0,35345.0,-37728.0,2383.0,0.047,65420.0,40.0,FALL
2019-03-12,2540.0,2515.0,2560.0,2500.0,237912.0,-8295.0,7978.0,317.0,0.0479,63037.0,35.0,RISE
2019-03-11,2505.0,2505.0,2530.0,2465.0,268046.0,14259.0,-17938.0,3679.0,0.0478,62720.0,35.0,FALL
2019-03-08,2540.0,2500.0,2580.0,2485.0,384047.0,-21856.0,15439.0,6417.0,0.0482,59041.0,0.0,EVEN
2019-03-07,2540.0,2590.0,2615.0,2535.0,443712.0,9749.0,-14423.0,4674.0,0.0478,52624.0,75.0,FALL
2019-03-06,2615.0,2665.0,2700.0,2585.0,441627.0,59304.0,-59411.0,107.0,0.0482,47950.0,60.0,FALL
2019-03-05,2675.0,2640.0,2700.0,2620.0,322552.0,-66741.0,65017.0,1724.0,0.0496,47843.0,50.0,RISE
2019-03-04,2625.0,2610.0,2735.0,2585.0,879527.0,-92567.0,92583.0,-16.0,0.0481,46119.0,80.0,FALL
2019-02-28,2705.0,3160.0,3165.0,2705.0,1093155.0,-26188.0,25348.0,840.0,0.046,46135.0,440.0,FALL
2019-02-27,3145.0,3140.0,3165.0,3095.0,249398.0,36034.0,-22961.0,-13073.0,0.0455,45295.0,5.0,RISE
2019-02-26,3140.0,3065.0,3185.0,3065.0,453597.0,9803.0,10392.0,-20195.0,0.046,58368.0,55.0,RISE
2019-02-25,3085.0,3130.0,3150.0,3055.0,370538.0,15706.0,-15695.0,-11.0,0.0456,78563.0,45.0,FALL
2019-02-22,3130.0,3055.0,3145.0,3040.0,262257.0,-45775.0,45745.0,30.0,0.046,78574.0,30.0,RISE
2019-02-21,3100.0,3210.0,3215.0,3045.0,408968.0,-45193.0,45215.0,-22.0,0.0449,78544.0,100.0,FALL
2019-02-20,3200.0,3305.0,3325.0,3175.0,360912.0,98755.0,-98863.0,108.0,0.0439,78566.0,85.0,FALL
2019-02-19,3285.0,3260.0,3340.0,3260.0,418231.0,-32554.0,32656.0,-102.0,0.0462,78458.0,10.0,RISE
2019-02-18,3275.0,3265.0,3300.0,3195.0,378919.0,20544.0,-20507.0,-37.0,0.0454,78560.0,60.0,RISE
2019-02-15,3215.0,3210.0,3265.0,3145.0,412872.0,-5243.0,4865.0,378.0,0.0457,78597.0,30.0,FALL
2019-02-14,3245.0,3300.0,3300.0,3150.0,501052.0,37691.0,-38732.0,1041.0,0.0456,78219.0,30.0,FALL
2019-02-13,3275.0,3300.0,3335.0,3250.0,251501.0,-25572.0,23606.0,1966.0,0.0465,77178.0,5.0,RISE
2019-02-12,3270.0,3300.0,3350.0,3250.0,428049.0,-24747.0,24662.0,85.0,0.046,75212.0,30.0,FALL
2019-02-11,3300.0,3395.0,3405.0,3255.0,652482.0,136747.0,-136565.0,-182.0,0.0454,75127.0,65.0,FALL
2019-02-08,3365.0,3300.0,3365.0,3215.0,854082.0,-113104.0,78837.0,34267.0,0.0486,75309.0,35.0,RISE
2019-02-07,3330.0,3290.0,3380.0,3250.0,1359300.0,161571.0,-146868.0,-14703.0,0.0466,41042.0,160.0,RISE
2019-02-01,3170.0,3060.0,3195.0,3030.0,975624.0,-153721.0,139028.0,14693.0,0.05,55745.0,140.0,RISE
2019-01-31,3030.0,3060.0,3070.0,2990.0,136911.0,14565.0,-24147.0,9582.0,0.0463,41052.0,15.0,FALL
2019-01-30,3045.0,3005.0,3130.0,3000.0,595029.0,-80378.0,80630.0,-252.0,0.0469,31470.0,80.0,RISE
2019-01-29,2965.0,3050.0,3080.0,2945.0,462971.0,70734.0,-70701.0,-33.0,0.0451,31722.0,105.0,FALL
2019-01-28,3070.0,3100.0,3100.0,3065.0,180064.0,11910.0,-11865.0,-45.0,0.0467,31755.0,25.0,FALL
2019-01-25,3095.0,3085.0,3135.0,3075.0,254701.0,10118.0,-10123.0,5.0,0.0469,31800.0,0.0,EVEN
2019-01-24,3095.0,3150.0,3160.0,3085.0,379392.0,108782.0,-108794.0,12.0,0.0471,31795.0,5.0,RISE
2019-01-23,3090.0,3055.0,3110.0,3025.0,198472.0,-3712.0,3653.0,59.0,0.0496,31783.0,25.0,RISE
2019-01-22,3065.0,3020.0,3150.0,3005.0,577998.0,-13402.0,12661.0,741.0,0.0495,31724.0,50.0,RISE
2019-01-21,3015.0,3110.0,3110.0,3005.0,326243.0,40469.0,-39998.0,-471.0,0.0493,30983.0,55.0,FALL
2019-01-18,3070.0,3030.0,3100.0,2995.0,344529.0,-56278.0,56204.0,74.0,0.0503,31454.0,45.0,RISE
2019-01-17,3025.0,3125.0,3125.0,3000.0,331303.0,-5103.0,5143.0,-40.0,0.049,31380.0,65.0,FALL
2019-01-16,3090.0,3130.0,3130.0,3040.0,531681.0,11613.0,-11653.0,40.0,0.0489,31420.0,20.0,RISE
2019-01-15,3070.0,3075.0,3075.0,3010.0,359497.0,-24502.0,23640.0,862.0,0.0493,31380.0,10.0,RISE
2019-01-14,3060.0,3090.0,3100.0,3035.0,518886.0,16079.0,-16476.0,397.0,0.0488,30518.0,5.0,RISE
2019-01-11,3055.0,2940.0,3060.0,2935.0,560695.0,-144213.0,143830.0,383.0,0.0491,30121.0,125.0,RISE
2019-01-10,2930.0,3010.0,3035.0,2925.0,469538.0,-57852.0,57541.0,311.0,0.0458,29738.0,65.0,FALL
2019-01-09,2995.0,2910.0,3110.0,2900.0,1963991.0,33132.0,-33535.0,403.0,0.044,29427.0,125.0,RISE
2019-01-08,2870.0,2820.0,2940.0,2800.0,878124.0,-74994.0,74945.0,49.0,0.0447,29024.0,80.0,RISE
2019-01-07,2790.0,2875.0,2880.0,2770.0,617455.0,74967.0,-75134.0,167.0,0.043,28975.0,60.0,RISE
2019-01-04,2730.0,2730.0,2730.0,2660.0,316372.0,20495.0,-20203.0,-292.0,0.0449,28808.0,5.0,FALL
2019-01-03,2735.0,2605.0,2790.0,2580.0,777448.0,-109853.0,109745.0,108.0,0.0453,29100.0,155.0,RISE
2019-01-02,2580.0,2730.0,2730.0,2575.0,325319.0,48939.0,-48218.0,-721.0,0.0429,28992.0,40.0,FALL
2018-12-28,2620.0,2575.0,2630.0,2560.0,148615.0,-17513.0,18346.0,-833.0,0.044,29713.0,45.0,RISE
2018-12-27,2575.0,2535.0,2615.0,2535.0,210944.0,-23832.0,23823.0,9.0,0.0436,30546.0,55.0,RISE
2018-12-26,2520.0,2580.0,2655.0,2500.0,296051.0,64528.0,-64743.0,215.0,0.043,30537.0,135.0,FALL
2018-12-24,2655.0,2575.0,2685.0,2545.0,332993.0,23521.0,-22907.0,-614.0,0.0455,30322.0,70.0,RISE
2018-12-21,2585.0,2540.0,2605.0,2540.0,139901.0,4600.0,-3541.0,-1059.0,0.046,30936.0,45.0,RISE
2018-12-20,2540.0,2540.0,2605.0,2535.0,131335.0,-8527.0,1079.0,7448.0,0.0461,31995.0,0.0,EVEN
2018-12-19,2540.0,2520.0,2550.0,2515.0,177822.0,-21142.0,14076.0,7066.0,0.0461,24547.0,25.0,RISE
2018-12-18,2515.0,2550.0,2640.0,2515.0,207016.0,-39464.0,39262.0,202.0,0.0458,17481.0,85.0,FALL
2018-12-17,2600.0,2695.0,2695.0,2565.0,256410.0,52550.0,-53792.0,1242.0,0.0449,17279.0,125.0,FALL
2018-12-14,2725.0,2740.0,2765.0,2685.0,146181.0,4292.0,-5078.0,786.0,0.0461,16037.0,15.0,FALL
2018-12-13,2740.0,2650.0,2775.0,2645.0,251527.0,-86547.0,85441.0,1106.0,0.0462,15251.0,75.0,RISE
2018-12-12,2665.0,2680.0,2735.0,2630.0,242401.0,10876.0,-11781.0,905.0,0.0442,14145.0,60.0,FALL
2018-12-11,2725.0,2775.0,2795.0,2665.0,183690.0,13346.0,-14055.0,709.0,0.0443,13240.0,55.0,FALL
2018-12-10,2780.0,2810.0,2850.0,2730.0,287388.0,48046.0,-48130.0,84.0,0.0449,12531.0,120.0,FALL
2018-12-07,2900.0,2830.0,2910.0,2805.0,553295.0,-43148.0,42934.0,214.0,0.0468,12447.0,140.0,RISE
2018-12-06,2760.0,2855.0,2890.0,2730.0,307975.0,26297.0,-26394.0,97.0,0.0458,12233.0,120.0,FALL
2018-12-05,2880.0,2835.0,2915.0,2810.0,378913.0,23427.0,-23398.0,-29.0,0.0465,12136.0,10.0,FALL
2018-12-04,2890.0,2770.0,2910.0,2760.0,677828.0,7962.0,-7961.0,-1.0,0.0472,12165.0,120.0,RISE
2018-12-03,2770.0,2750.0,2810.0,2715.0,438651.0,58034.0,-58245.0,211.0,0.0474,12166.0,80.0,RISE
2018-11-30,2690.0,2675.0,2690.0,2620.0,170021.0,-1002.0,986.0,16.0,0.0487,11955.0,30.0,RISE
2018-11-29,2660.0,2635.0,2840.0,2630.0,1165378.0,159474.0,-159539.0,65.0,0.0487,11939.0,45.0,RISE
2018-11-28,2615.0,2670.0,2690.0,2610.0,210479.0,22552.0,-22577.0,25.0,0.0524,11874.0,15.0,FALL
2018-11-27,2630.0,2630.0,2660.0,2595.0,135993.0,-4318.0,4280.0,38.0,0.0538,11849.0,0.0,EVEN
2018-11-26,2630.0,2640.0,2655.0,2600.0,238440.0,-30563.0,30415.0,148.0,0.0537,11811.0,75.0,RISE
2018-11-23,2555.0,2625.0,2710.0,2520.0,440559.0,69324.0,-69299.0,-25.0,0.053,11663.0,60.0,FALL
2018-11-22,2615.0,2645.0,2645.0,2590.0,148415.0,71398.0,-71332.0,-66.0,0.0546,11688.0,5.0,FALL
2018-11-21,2620.0,2575.0,2650.0,2550.0,254009.0,630.0,-703.0,73.0,0.0562,11754.0,15.0,RISE
2018-11-20,2605.0,2585.0,2620.0,2565.0,148016.0,-5214.0,5226.0,-12.0,0.0562,11681.0,15.0,FALL
2018-11-19,2620.0,2585.0,2640.0,2575.0,214747.0,3942.0,-5760.0,1818.0,0.0561,11693.0,80.0,RISE
2018-11-16,2540.0,2505.0,2580.0,2495.0,252902.0,-8926.0,8153.0,773.0,0.0562,9875.0,40.0,RISE
2018-11-15,2500.0,2415.0,2500.0,2410.0,148593.0,-27775.0,27682.0,93.0,0.056,9102.0,95.0,RISE
2018-11-14,2405.0,2470.0,2470.0,2405.0,155255.0,12844.0,-12867.0,23.0,0.0554,9009.0,20.0,FALL
2018-11-13,2425.0,2390.0,2455.0,2365.0,225327.0,-29439.0,29455.0,-16.0,0.0557,8986.0,35.0,FALL
2018-11-12,2460.0,2450.0,2505.0,2410.0,124015.0,-29805.0,29784.0,21.0,0.055,9002.0,40.0,FALL
2018-11-09,2500.0,2570.0,2575.0,2470.0,254434.0,40495.0,-40708.0,213.0,0.0543,8981.0,50.0,FALL
2018-11-08,2550.0,2500.0,2585.0,2490.0,309180.0,-81733.0,81633.0,100.0,0.0553,8768.0,95.0,RISE
2018-11-07,2455.0,2595.0,2660.0,2400.0,506042.0,16617.0,-16637.0,20.0,0.0534,8668.0,120.0,FALL
2018-11-06,2575.0,2610.0,2620.0,2520.0,282330.0,50437.0,-50444.0,7.0,0.0538,8648.0,0.0,EVEN
2018-11-05,2575.0,2600.0,2655.0,2530.0,222582.0,-10814.0,10781.0,33.0,0.0549,8641.0,5.0,FALL
2018-11-02,2580.0,2490.0,2610.0,2485.0,312429.0,-43261.0,43241.0,20.0,0.0547,8608.0,130.0,RISE
2018-11-01,2450.0,2440.0,2500.0,2430.0,230012.0,-2602.0,2523.0,79.0,0.0537,8588.0,70.0,RISE
2018-10-31,2380.0,2390.0,2400.0,2320.0,304277.0,-1946.0,2555.0,-609.0,0.0536,8509.0,30.0,RISE
2018-10-30,2350.0,2130.0,2385.0,2130.0,887438.0,-252214.0,251055.0,1159.0,0.0536,9118.0,125.0,RISE
2018-10-29,2225.0,2425.0,2490.0,2165.0,1049304.0,7559.0,-8564.0,1005.0,0.0478,7959.0,245.0,FALL
2018-10-26,2470.0,2510.0,2590.0,2385.0,614896.0,31145.0,-31526.0,381.0,0.048,6954.0,35.0,FALL
2018-10-25,2505.0,2390.0,2530.0,2390.0,475774.0,-163552.0,164071.0,-519.0,0.0487,6573.0,15.0,RISE
2018-10-24,2490.0,2640.0,2685.0,2480.0,549254.0,-23799.0,23729.0,70.0,0.0449,7092.0,135.0,FALL
2018-10-23,2625.0,2710.0,2750.0,2600.0,301444.0,-26537.0,26497.0,40.0,0.0444,7022.0,80.0,FALL
2018-10-22,2705.0,2800.0,2800.0,2695.0,279747.0,49462.0,-49495.0,33.0,0.0438,6982.0,135.0,FALL
2018-10-19,2840.0,2830.0,2870.0,2750.0,268044.0,31791.0,-32060.0,269.0,0.0449,6949.0,10.0,RISE
2018-10-18,2830.0,2825.0,2915.0,2800.0,270255.0,26934.0,-26930.0,-4.0,0.0456,6680.0,10.0,FALL
2018-10-17,2840.0,2820.0,2895.0,2800.0,240139.0,-6999.0,6976.0,23.0,0.0463,6684.0,50.0,RISE
2018-10-16,2790.0,2710.0,2860.0,2710.0,273176.0,30843.0,-30910.0,67.0,0.046,6661.0,65.0,RISE
2018-10-15,2725.0,2720.0,2805.0,2660.0,274518.0,-7725.0,7535.0,190.0,0.0467,6594.0,5.0,RISE
2018-10-12,2720.0,2570.0,2750.0,2570.0,431968.0,14179.0,-14457.0,278.0,0.0465,6404.0,80.0,RISE
2018-10-11,2640.0,2560.0,2785.0,2550.0,1094008.0,-196369.0,218591.0,-22222.0,0.0468,6126.0,160.0,FALL
2018-10-10,2800.0,3150.0,3150.0,2795.0,1053324.0,205392.0,-206485.0,1093.0,0.0418,28348.0,360.0,FALL
2018-10-08,3160.0,3230.0,3270.0,3155.0,414389.0,37586.0,-37640.0,54.0,0.0466,27255.0,95.0,FALL
2018-10-05,3255.0,3230.0,3280.0,3150.0,475886.0,130486.0,-131318.0,832.0,0.0474,27201.0,45.0,FALL
2018-10-04,3300.0,3205.0,3330.0,3165.0,771357.0,-161312.0,161152.0,160.0,0.0505,26369.0,205.0,RISE
2018-10-02,3095.0,3130.0,3195.0,3090.0,325672.0,-20153.0,20086.0,67.0,0.0467,26209.0,50.0,FALL
2018-10-01,3145.0,3145.0,3235.0,3130.0,291686.0,-14329.0,14211.0,118.0,0.0463,26142.0,0.0,EVEN
2018-09-28,3145.0,3170.0,3195.0,3100.0,362002.0,16116.0,-16379.0,263.0,0.0459,26024.0,55.0,FALL
2018-09-27,3200.0,3330.0,3335.0,3185.0,346036.0,104668.0,-105661.0,993.0,0.0463,25761.0,70.0,FALL
2018-09-21,3270.0,3070.0,3275.0,3060.0,710602.0,-166287.0,165782.0,505.0,0.0488,24768.0,175.0,RISE
2018-09-20,3095.0,3190.0,3200.0,3070.0,419323.0,-29101.0,29077.0,24.0,0.0449,24263.0,5.0,RISE
2018-09-19,3090.0,3220.0,3270.0,3090.0,942900.0,-160563.0,160576.0,-13.0,0.0443,24239.0,120.0,FALL
2018-09-18,3210.0,3405.0,3430.0,3200.0,940725.0,99140.0,-99207.0,67.0,0.0407,24252.0,195.0,FALL
2018-09-17,3405.0,3450.0,3465.0,3315.0,922873.0,34125.0,-34121.0,-4.0,0.043,24185.0,5.0,RISE
2018-09-14,3400.0,3385.0,3420.0,3305.0,480406.0,-122851.0,122892.0,-41.0,0.0438,24189.0,15.0,RISE
2018-09-13,3385.0,3450.0,3470.0,3380.0,499113.0,36260.0,-36363.0,103.0,0.0409,24230.0,65.0,FALL
2018-09-12,3450.0,3405.0,3450.0,3290.0,839206.0,-63393.0,62814.0,579.0,0.0417,24127.0,60.0,RISE
2018-09-11,3390.0,3490.0,3510.0,3355.0,809825.0,78709.0,-78717.0,8.0,0.0402,23548.0,50.0,FALL
2018-09-10,3440.0,3330.0,3455.0,3310.0,1989998.0,-111077.0,111149.0,-72.0,0.042,23540.0,160.0,RISE
2018-09-07,3280.0,3200.0,3290.0,3150.0,1625189.0,-185031.0,185073.0,-42.0,0.0395,23612.0,80.0,RISE
2018-09-06,3200.0,3150.0,3370.0,3035.0,4405584.0,634063.0,-637527.0,3464.0,0.0351,23654.0,130.0,RISE
2018-09-05,3070.0,3080.0,3105.0,3030.0,385975.0,33864.0,-33860.0,-4.0,0.0497,20190.0,20.0,RISE
2018-09-04,3050.0,2965.0,3065.0,2945.0,580636.0,-82845.0,82851.0,-6.0,0.0504,20194.0,80.0,RISE
2018-09-03,2970.0,2965.0,2975.0,2910.0,350006.0,20132.0,-20456.0,324.0,0.0485,20200.0,75.0,RISE
2018-08-31,2895.0,2870.0,2920.0,2835.0,207761.0,35410.0,-35427.0,17.0,0.049,19876.0,5.0,FALL
2018-08-30,2900.0,2855.0,2970.0,2855.0,423507.0,-45830.0,45831.0,-1.0,0.0498,19859.0,55.0,RISE
2018-08-29,2845.0,2830.0,2860.0,2790.0,292598.0,-24215.0,24204.0,11.0,0.0488,19860.0,5.0,RISE
2018-08-28,2840.0,2935.0,2975.0,2800.0,766521.0,-17401.0,15903.0,1498.0,0.0482,19849.0,95.0,FALL
2018-08-27,2935.0,2950.0,3035.0,2925.0,786271.0,55615.0,-57113.0,1498.0,0.0478,18351.0,265.0,FALL
2018-08-24,3200.0,3230.0,3230.0,3165.0,318821.0,37651.0,-37601.0,-50.0,0.0493,16853.0,10.0,RISE
2018-08-23,3190.0,3180.0,3275.0,3150.0,528808.0,19646.0,-19702.0,56.0,0.0502,16903.0,0.0,EVEN
2018-08-22,3190.0,3160.0,3235.0,3050.0,979040.0,-30257.0,30257.0,0.0,0.0507,16847.0,35.0,RISE
2018-08-21,3155.0,3160.0,3210.0,3140.0,385096.0,14061.0,-14071.0,10.0,0.0501,16847.0,20.0,RISE
2018-08-20,3135.0,3205.0,3220.0,3125.0,609387.0,132585.0,-132620.0,35.0,0.0507,16837.0,30.0,FALL
2018-08-17,3165.0,3080.0,3180.0,3075.0,644741.0,-47547.0,47470.0,77.0,0.0537,16802.0,25.0,RISE
2018-08-16,3140.0,3070.0,3190.0,2940.0,2144828.0,101454.0,-101504.0,50.0,0.0526,16725.0,235.0,RISE
2018-08-14,2905.0,2830.0,2930.0,2820.0,392438.0,-66891.0,66772.0,119.0,0.055,16675.0,85.0,RISE
2018-08-13,2820.0,3045.0,3115.0,2750.0,1550359.0,301184.0,-301263.0,79.0,0.0534,16556.0,185.0,FALL
2018-08-10,3005.0,2965.0,3030.0,2910.0,1083139.0,-24863.0,24836.0,27.0,0.0602,16477.0,130.0,RISE
2018-08-09,2875.0,2885.0,2910.0,2865.0,187682.0,-8031.0,7960.0,71.0,0.0596,16450.0,25.0,FALL
2018-08-08,2900.0,2920.0,2975.0,2875.0,408035.0,-69339.0,69348.0,-9.0,0.0594,16379.0,10.0,RISE
2018-08-07,2890.0,2915.0,2935.0,2865.0,191255.0,34810.0,-34577.0,-233.0,0.0575,16388.0,10.0,FALL
2018-08-06,2900.0,2955.0,2955.0,2890.0,274559.0,-19160.0,16428.0,2732.0,0.0583,16621.0,70.0,FALL
2018-08-03,2970.0,3015.0,3030.0,2960.0,285384.0,74304.0,-74309.0,5.0,0.058,13889.0,15.0,FALL
2018-08-02,2985.0,2945.0,2990.0,2895.0,474492.0,-26469.0,26569.0,-100.0,0.0597,13884.0,40.0,RISE
2018-08-01,2945.0,2885.0,2965.0,2865.0,384010.0,-156843.0,156566.0,277.0,0.0591,13984.0,85.0,RISE
2018-07-31,2860.0,2955.0,2955.0,2790.0,515440.0,102981.0,-107782.0,4801.0,0.0555,13707.0,55.0,FALL
2018-07-30,2915.0,2940.0,2965.0,2905.0,410686.0,1665.0,-1655.0,-10.0,0.058,8906.0,0.0,EVEN
2018-07-27,2915.0,2920.0,2955.0,2855.0,487785.0,38087.0,-38060.0,-27.0,0.0581,8916.0,15.0,RISE
2018-07-26,2900.0,2775.0,2945.0,2755.0,885793.0,-130164.0,130160.0,4.0,0.0589,8943.0,160.0,RISE
2018-07-25,2740.0,2830.0,2830.0,2720.0,668234.0,160444.0,-160203.0,-241.0,0.0559,8939.0,35.0,FALL
2018-07-24,2775.0,2635.0,2850.0,2635.0,953948.0,-310038.0,310039.0,-1.0,0.0596,9180.0,165.0,RISE
2018-07-23,2610.0,2755.0,2755.0,2600.0,452030.0,-4945.0,5200.0,-255.0,0.0518,9181.0,145.0,FALL
2018-07-20,2755.0,2790.0,2820.0,2735.0,318130.0,27500.0,-27492.0,-8.0,0.0519,9436.0,25.0,FALL
2018-07-19,2780.0,2770.0,2860.0,2735.0,377896.0,-104411.0,104406.0,5.0,0.0525,9444.0,5.0,RISE
2018-07-18,2775.0,2940.0,2940.0,2765.0,538662.0,28618.0,-28606.0,-12.0,0.0503,9439.0,145.0,FALL
2018-07-17,2920.0,2930.0,3005.0,2900.0,362852.0,24012.0,-24248.0,236.0,0.0509,9451.0,5.0,FALL
2018-07-16,2925.0,3000.0,3020.0,2925.0,390011.0,40985.0,-40992.0,7.0,0.0517,9215.0,30.0,FALL
2018-07-13,2955.0,2905.0,3015.0,2885.0,667487.0,-172752.0,172721.0,31.0,0.0527,9208.0,100.0,RISE
2018-07-12,2855.0,2935.0,2965.0,2850.0,520464.0,63291.0,-63599.0,308.0,0.0487,9177.0,35.0,FALL
2018-07-11,2890.0,2770.0,2975.0,2770.0,947453.0,-94400.0,93956.0,444.0,0.0491,8869.0,100.0,RISE
2018-07-10,2790.0,2750.0,2870.0,2750.0,538876.0,-233789.0,233637.0,152.0,0.047,8425.0,70.0,RISE
2018-07-09,2720.0,2930.0,2970.0,2720.0,1240264.0,151017.0,-123382.0,-27635.0,0.0418,8273.0,335.0,FALL
2018-07-06,3055.0,2930.0,3100.0,2875.0,475898.0,-67400.0,67409.0,-9.0,0.0447,35908.0,130.0,RISE
2018-07-05,2925.0,3060.0,3075.0,2900.0,488188.0,22764.0,-22855.0,91.0,0.0431,35917.0,120.0,FALL
2018-07-04,3045.0,3025.0,3145.0,3025.0,387524.0,-14628.0,14679.0,-51.0,0.0437,35826.0,30.0,FALL
2018-07-03,3075.0,2985.0,3090.0,2910.0,782838.0,-100917.0,100916.0,1.0,0.0433,35877.0,105.0,RISE
2018-07-02,2970.0,3160.0,3190.0,2950.0,846664.0,31896.0,-31897.0,1.0,0.041,35876.0,210.0,FALL
2018-06-29,3180.0,3070.0,3225.0,3030.0,913775.0,-71151.0,79149.0,-7998.0,0.0421,35875.0,175.0,RISE
2018-06-28,3005.0,3065.0,3185.0,3005.0,1011255.0,-245437.0,243689.0,1748.0,0.041,43873.0,95.0,FALL
2018-06-27,3100.0,3260.0,3350.0,3055.0,1244288.0,-168768.0,168765.0,3.0,0.0356,42125.0,155.0,FALL
2018-06-26,3255.0,3365.0,3445.0,3250.0,902622.0,-531.0,473.0,58.0,0.0317,42122.0,160.0,FALL
2018-06-25,3415.0,3360.0,3465.0,3275.0,790486.0,-182295.0,182261.0,34.0,0.0317,42064.0,25.0,RISE
2018-06-22,3390.0,3565.0,3600.0,3250.0,1341847.0,-108296.0,106184.0,2112.0,0.0275,42030.0,160.0,FALL
2018-06-21,3550.0,3705.0,3720.0,3510.0,907788.0,141914.0,-141953.0,39.0,0.0251,39918.0,110.0,FALL
2018-06-20,3660.0,3500.0,3680.0,3400.0,1130424.0,-332478.0,330436.0,2042.0,0.0284,39879.0,135.0,RISE
2018-06-19,3525.0,3620.0,3860.0,3515.0,3932946.0,548543.0,-563940.0,15397.0,0.0205,37837.0,25.0,FALL
2018-06-18,3550.0,3580.0,3690.0,3485.0,1250499.0,163999.0,-165012.0,1013.0,0.0335,22440.0,10.0,FALL
2018-06-15,3560.0,3480.0,3660.0,3480.0,1425234.0,-193728.0,203093.0,-9365.0,0.0374,21427.0,50.0,RISE
2018-06-14,3510.0,3855.0,3890.0,3470.0,2100007.0,-119206.0,108161.0,11045.0,0.0328,30792.0,525.0,FALL
2018-06-12,4035.0,4270.0,4320.0,3845.0,2627357.0,4689.0,-12227.0,7538.0,0.0302,19747.0,230.0,FALL
2018-06-11,4265.0,4160.0,4265.0,4095.0,1171276.0,-194708.0,201046.0,-6338.0,0.0304,12209.0,155.0,RISE
2018-06-08,4110.0,4200.0,4235.0,4025.0,1260334.0,-57111.0,57108.0,3.0,0.0257,18547.0,25.0,FALL
2018-06-07,4135.0,4250.0,4280.0,4135.0,1125128.0,227581.0,-227583.0,2.0,0.0243,18544.0,85.0,FALL
2018-06-05,4220.0,4075.0,4220.0,3930.0,1625717.0,-252928.0,252923.0,5.0,0.0295,18542.0,90.0,RISE
2018-06-04,4130.0,4450.0,4460.0,4125.0,1851822.0,-106081.0,106049.0,32.0,0.0237,18537.0,180.0,FALL
2018-06-01,4310.0,4700.0,4700.0,4250.0,3080793.0,123224.0,-128216.0,4992.0,0.0216,18505.0,230.0,FALL
2018-05-31,4540.0,4530.0,4730.0,4460.0,2600799.0,79958.0,-90876.0,10918.0,0.0247,13513.0,30.0,FALL
2018-05-30,4570.0,4700.0,4770.0,4465.0,3565773.0,-44055.0,31347.0,12708.0,0.0268,2595.0,55.0,FALL
2018-05-29,4625.0,4700.0,4860.0,4430.0,6731481.0,-498443.0,498441.0,2.0,0.0265,-10113.0,145.0,FALL
2018-05-28,4770.0,4410.0,4770.0,4350.0,6933929.0,54300.0,-13611.0,-40689.0,0.015,-10115.0,1100.0,UPPER_LIMIT
2018-05-25,3670.0,3500.0,3880.0,3500.0,4827898.0,-272173.0,296118.0,-23945.0,0.0153,30574.0,775.0,FALL
2018-05-24,4445.0,4585.0,4700.0,4310.0,3836010.0,23067.0,-53014.0,29947.0,0.0085,54519.0,45.0,FALL
2018-05-23,4490.0,4355.0,4720.0,4130.0,6192307.0,-29029.0,33422.0,-4393.0,0.0095,24572.0,80.0,RISE
2018-05-21,4410.0,4435.0,4490.0,4330.0,1691093.0,36443.0,-42422.0,5979.0,0.009000000000000001,28965.0,50.0,FALL
2018-05-18,4460.0,4475.0,4535.0,4305.0,3328929.0,102948.0,-109520.0,6572.0,0.0099,22986.0,15.0,FALL
2018-05-17,4475.0,4290.0,4770.0,4245.0,9713771.0,-25573.0,19408.0,6165.0,0.0123,16414.0,290.0,RISE
2018-05-16,4185.0,4240.0,4605.0,4185.0,7200763.0,-110823.0,104360.0,6463.0,0.0119,10249.0,690.0,FALL
2018-05-15,4875.0,4380.0,5000.0,4275.0,17921968.0,116740.0,-110725.0,-6015.0,0.0095,3786.0,580.0,RISE
2018-05-14,4295.0,4440.0,4440.0,4270.0,2981430.0,8162.0,-5440.0,-2722.0,0.0121,9801.0,140.0,RISE
2018-05-11,4155.0,4175.0,4245.0,3960.0,2246735.0,-147757.0,152134.0,-4377.0,0.0121,12523.0,15.0,FALL
2018-05-10,4170.0,4300.0,4320.0,4085.0,1607768.0,95931.0,-95910.0,-21.0,0.0089,16900.0,50.0,RISE
2018-05-09,4120.0,4160.0,4250.0,3850.0,2064043.0,-102584.0,98194.0,4390.0,0.011,16921.0,0.0,EVEN
2018-05-08,4120.0,4235.0,4310.0,4065.0,1612099.0,23339.0,-37028.0,13689.0,0.0087,12531.0,240.0,FALL
2018-05-04,4360.0,4100.0,4390.0,4065.0,3155658.0,-90818.0,90426.0,392.0,0.0079,-1158.0,230.0,RISE
2018-05-03,4130.0,4455.0,4455.0,4050.0,3356577.0,20633.0,-20383.0,-250.0,0.0059,-1550.0,340.0,FALL
2018-05-02,4470.0,4720.0,4845.0,4375.0,7512614.0,194640.0,-192140.0,-2500.0,0.0064,-1300.0,20.0,FALL
2018-04-30,4490.0,4210.0,4875.0,4130.0,11503061.0,107092.0,-10883.0,-96209.0,0.0108,1200.0,500.0,RISE
2018-04-27,3990.0,4125.0,4155.0,3850.0,4557677.0,154500.0,-154504.0,4.0,0.011,97409.0,10.0,RISE
2018-04-26,3980.0,4120.0,4200.0,3980.0,2286114.0,-69384.0,35366.0,34018.0,0.0146,97405.0,145.0,FALL
2018-04-25,4125.0,4150.0,4390.0,4005.0,3990093.0,-17145.0,-15704.0,32849.0,0.0139,63387.0,145.0,FALL
2018-04-24,4270.0,4690.0,4730.0,4175.0,5311990.0,-28875.0,-3105.0,31980.0,0.0142,30538.0,360.0,FALL
2018-04-23,4630.0,5030.0,5500.0,4520.0,10431344.0,125391.0,-125420.0,29.0,0.0141,-1442.0,215.0,FALL
2018-04-20,4845.0,4805.0,5160.0,4325.0,13920834.0,-223118.0,223093.0,25.0,0.017,-1471.0,55.0,RISE
2018-04-19,4790.0,3930.0,4890.0,3850.0,19533347.0,129879.0,-130327.0,448.0,0.0118,-1496.0,980.0,RISE
2018-04-18,3810.0,3695.0,3895.0,3565.0,5560845.0,-102489.0,102663.0,-174.0,0.0148,-1944.0,220.0,RISE
2018-04-17,3590.0,3705.0,3825.0,3550.0,3316493.0,26474.0,-26476.0,2.0,0.0124,-1770.0,80.0,FALL
2018-04-16,3670.0,3620.0,3685.0,3605.0,1318279.0,-54966.0,54862.0,104.0,0.0131,-1772.0,90.0,RISE
2018-04-13,3580.0,3490.0,3680.0,3460.0,3074816.0,-56964.0,56963.0,1.0,0.0118,-1876.0,150.0,RISE
2018-04-12,3430.0,3490.0,3500.0,3385.0,783791.0,-11179.0,11213.0,-34.0,0.0105,-1877.0,60.0,FALL
2018-04-11,3490.0,3535.0,3555.0,3425.0,1041932.0,-53232.0,53105.0,127.0,0.0101,-1843.0,20.0,FALL
2018-04-10,3510.0,3520.0,3550.0,3355.0,1381597.0,-76749.0,76515.0,234.0,0.0088,-1970.0,25.0,RISE
2018-04-09,3485.0,3530.0,3570.0,3420.0,1092557.0,43375.0,-43728.0,353.0,0.006999999999999999,-2204.0,10.0,RISE
2018-04-06,3475.0,3520.0,3580.0,3400.0,1149596.0,-30478.0,30476.0,2.0,0.008,-2557.0,35.0,FALL
2018-04-05,3510.0,3580.0,3655.0,3435.0,1680632.0,16351.0,-16975.0,624.0,0.0073,-2559.0,70.0,FALL
2018-04-04,3580.0,3570.0,3745.0,3530.0,2531377.0,-55211.0,55170.0,41.0,0.0074,-3183.0,60.0,RISE
2018-04-03,3520.0,3435.0,3720.0,3435.0,3120066.0,-81622.0,87742.0,-6120.0,0.0062,-3224.0,35.0,RISE
2018-04-02,3485.0,3745.0,3745.0,3485.0,2210779.0,10153.0,-10259.0,106.0,0.004,2896.0,275.0,FALL
2018-03-30,3760.0,3670.0,3770.0,3600.0,2690963.0,22273.0,-24557.0,2284.0,0.0039,2790.0,95.0,RISE
2018-03-29,3665.0,3870.0,3890.0,3660.0,4031420.0,141239.0,-141240.0,1.0,0.0046,506.0,205.0,FALL
2018-03-28,3870.0,3460.0,4090.0,3435.0,19959491.0,-95016.0,95042.0,-26.0,0.0075,505.0,400.0,RISE
2018-03-27,3470.0,3480.0,3530.0,3410.0,2536362.0,81508.0,-81508.0,0.0,0.0052,531.0,70.0,RISE
2018-03-26,3400.0,3320.0,3435.0,3255.0,1474922.0,-22027.0,22070.0,-43.0,0.0072,531.0,55.0,RISE
2018-03-23,3345.0,3230.0,3525.0,3230.0,3455989.0,24619.0,-23987.0,-632.0,0.0065,574.0,15.0,FALL
2018-03-22,3360.0,3445.0,3460.0,3335.0,1752125.0,-6729.0,6417.0,312.0,0.0066,1206.0,65.0,FALL
2018-03-21,3425.0,3480.0,3610.0,3405.0,5512527.0,70867.0,-70867.0,0.0,0.0054,894.0,75.0,FALL
2018-03-20,3500.0,3345.0,3500.0,3275.0,2285562.0,-12457.0,12472.0,-15.0,0.0058,894.0,90.0,RISE
2018-03-19,3410.0,3350.0,3520.0,3335.0,8094402.0,254228.0,-254228.0,0.0,0.0047,909.0,200.0,RISE
2018-03-16,3210.0,3180.0,3365.0,3130.0,5728149.0,325107.0,-281643.0,-43464.0,0.0106,909.0,55.0,RISE
2018-03-15,3155.0,3160.0,3185.0,3070.0,1575962.0,-19108.0,-24372.0,43480.0,0.0171,44373.0,5.0,FALL
2018-03-14,3160.0,3180.0,3255.0,3160.0,1338140.0,-40206.0,40194.0,12.0,0.0177,893.0,50.0,FALL
2018-03-13,3210.0,3310.0,3310.0,3160.0,2371955.0,-43191.0,43276.0,-85.0,0.0178,881.0,155.0,FALL
2018-03-12,3365.0,3390.0,3420.0,3305.0,2767334.0,-1894.0,1910.0,-16.0,0.0168,966.0,80.0,RISE
2018-03-09,3285.0,3585.0,3700.0,3280.0,26529588.0,353419.0,-353419.0,0.0,0.0165,982.0,205.0,RISE
2018-03-08,3080.0,3150.0,3270.0,3005.0,7293949.0,57364.0,-57364.0,0.0,0.0247,982.0,200.0,FALL
2018-03-07,3280.0,3150.0,3475.0,3080.0,20163462.0,286730.0,-236856.0,-49874.0,0.0259,982.0,525.0,RISE
2018-03-06,2755.0,2850.0,2855.0,2705.0,1004607.0,76510.0,-76517.0,7.0,0.0301,50856.0,25.0,FALL
2018-03-05,2780.0,2730.0,2825.0,2690.0,1890333.0,-105431.0,55453.0,49978.0,0.0318,50849.0,130.0,RISE
2018-03-02,2650.0,2600.0,2695.0,2595.0,458044.0,3100.0,-3190.0,90.0,0.0305,871.0,80.0,RISE
2018-02-28,2570.0,2665.0,2675.0,2570.0,438888.0,-19030.0,18935.0,95.0,0.0306,781.0,115.0,FALL
2018-02-27,2685.0,2710.0,2740.0,2660.0,315992.0,33589.0,-31409.0,-2180.0,0.0302,686.0,55.0,FALL
2018-02-26,2740.0,2745.0,2815.0,2705.0,807022.0,-94731.0,94721.0,10.0,0.0308,2866.0,40.0,RISE
2018-02-23,2700.0,2770.0,2780.0,2700.0,565287.0,-12229.0,12239.0,-10.0,0.0285,2856.0,60.0,FALL
2018-02-22,2760.0,2705.0,2765.0,2660.0,734300.0,15369.0,-14661.0,-708.0,0.0282,2866.0,45.0,RISE
2018-02-21,2715.0,2695.0,2725.0,2675.0,248757.0,-27764.0,27828.0,-64.0,0.0285,3574.0,20.0,RISE
2018-02-20,2695.0,2710.0,2770.0,2685.0,267096.0,-23666.0,23760.0,-94.0,0.0279,3638.0,15.0,FALL
2018-02-19,2710.0,2740.0,2770.0,2695.0,632000.0,54925.0,-54924.0,-1.0,0.0274,3732.0,85.0,FALL
2018-02-14,2795.0,2745.0,2805.0,2695.0,1016126.0,4277.0,-4279.0,2.0,0.0286,3733.0,50.0,RISE
2018-02-13,2745.0,2680.0,2855.0,2640.0,2112680.0,5253.0,-5251.0,-2.0,0.0293,3731.0,75.0,RISE
2018-02-12,2670.0,2670.0,2715.0,2625.0,860837.0,99292.0,-99435.0,143.0,0.0294,3733.0,0.0,EVEN
2018-02-09,2670.0,2555.0,2695.0,2555.0,743720.0,-1106.0,829.0,277.0,0.0317,3590.0,20.0,RISE
2018-02-08,2650.0,2700.0,2775.0,2595.0,1863277.0,223293.0,-223137.0,-156.0,0.0317,3313.0,100.0,RISE
2018-02-07,2550.0,2585.0,2620.0,2545.0,365325.0,12091.0,-12142.0,51.0,0.0369,3469.0,10.0,FALL
2018-02-06,2560.0,2510.0,2560.0,2450.0,535959.0,-32754.0,32410.0,344.0,0.0371,3418.0,25.0,FALL
2018-02-05,2585.0,2630.0,2630.0,2555.0,286409.0,14605.0,-15295.0,690.0,0.0364,3074.0,45.0,FALL
2018-02-02,2630.0,2670.0,2675.0,2605.0,426722.0,33314.0,-33314.0,0.0,0.0367,2384.0,35.0,FALL
2018-02-01,2665.0,2660.0,2690.0,2645.0,302651.0,-55044.0,55004.0,40.0,0.0375,2384.0,15.0,RISE
2018-01-31,2650.0,2685.0,2690.0,2640.0,325433.0,6713.0,-6707.0,-6.0,0.0362,2344.0,45.0,FALL
2018-01-30,2695.0,2765.0,2780.0,2670.0,1062084.0,-24914.0,24845.0,69.0,0.0364,2350.0,100.0,FALL
2018-01-29,2795.0,2795.0,2825.0,2760.0,518555.0,-13151.0,13197.0,-46.0,0.0358,2281.0,5.0,RISE
2018-01-26,2790.0,2795.0,2850.0,2775.0,865715.0,17444.0,-17372.0,-72.0,0.0355,2327.0,5.0,RISE
2018-01-25,2785.0,2740.0,2795.0,2740.0,374406.0,-123078.0,123115.0,-37.0,0.0359,2399.0,45.0,RISE
2018-01-24,2740.0,2785.0,2795.0,2740.0,342475.0,-19422.0,19401.0,21.0,0.0333,2436.0,45.0,FALL
2018-01-23,2785.0,2800.0,2800.0,2750.0,313242.0,-20066.0,20101.0,-35.0,0.0329,2415.0,0.0,EVEN
2018-01-22,2785.0,2820.0,2870.0,2740.0,448717.0,30749.0,-30735.0,-14.0,0.033,2450.0,0.0,EVEN
2018-01-19,2785.0,2740.0,2820.0,2685.0,1090673.0,86324.0,-86289.0,-35.0,0.0337,2464.0,60.0,RISE
2018-01-18,2725.0,2715.0,2725.0,2670.0,275129.0,-36342.0,35652.0,690.0,0.0357,2499.0,10.0,RISE
2018-01-17,2715.0,2610.0,2720.0,2590.0,818070.0,-84568.0,84568.0,0.0,0.0349,1809.0,120.0,RISE
2018-01-16,2595.0,2650.0,2675.0,2590.0,479058.0,-648.0,162.0,486.0,0.0329,1809.0,55.0,FALL
2018-01-15,2650.0,2650.0,2680.0,2630.0,413656.0,-51150.0,51149.0,1.0,0.0329,1323.0,10.0,FALL
2018-01-12,2660.0,2695.0,2715.0,2625.0,472664.0,14637.0,-15114.0,477.0,0.0318,1322.0,35.0,FALL
2018-01-11,2695.0,2705.0,2720.0,2660.0,424402.0,-44040.0,43807.0,233.0,0.0322,845.0,0.0,EVEN
2018-01-10,2695.0,2790.0,2800.0,2635.0,761630.0,-103893.0,103875.0,18.0,0.0312,612.0,85.0,FALL
2018-01-09,2780.0,2870.0,2885.0,2725.0,861729.0,-65552.0,65600.0,-48.0,0.0288,594.0,90.0,FALL
2018-01-08,2870.0,2895.0,2900.0,2840.0,1062709.0,-60859.0,60859.0,0.0,0.0272,642.0,70.0,RISE
2018-01-05,2800.0,2840.0,2940.0,2785.0,1487494.0,7405.0,-7605.0,200.0,0.0258,642.0,25.0,FALL
2018-01-04,2825.0,2905.0,2910.0,2805.0,1151842.0,54915.0,25085.0,-80000.0,0.0246,442.0,50.0,FALL
2018-01-03,2875.0,2770.0,3025.0,2720.0,4465846.0,-122584.0,42584.0,80000.0,0.024,80442.0,115.0,RISE
2018-01-02,2760.0,2920.0,2920.0,2700.0,3167033.0,92658.0,-92654.0,-4.0,0.023,442.0,170.0,RISE
2017-12-28,2590.0,2525.0,2595.0,2520.0,215553.0,-44885.0,44885.0,0.0,0.0262,446.0,70.0,RISE
2017-12-27,2520.0,2480.0,2530.0,2400.0,248848.0,-12197.0,12140.0,57.0,0.0251,446.0,50.0,RISE
2017-12-26,2470.0,2445.0,2495.0,2435.0,175611.0,-20990.0,20959.0,31.0,0.0248,389.0,20.0,RISE
2017-12-22,2450.0,2410.0,2465.0,2400.0,202245.0,-54357.0,54288.0,69.0,0.026,358.0,20.0,RISE
2017-12-21,2430.0,2515.0,2530.0,2410.0,284688.0,5429.0,-5709.0,280.0,0.0248,289.0,80.0,FALL
2017-12-20,2510.0,2540.0,2560.0,2510.0,192851.0,3408.0,-3408.0,0.0,0.0249,9.0,25.0,FALL
2017-12-19,2535.0,2560.0,2570.0,2505.0,232580.0,8390.0,-8439.0,49.0,0.025,9.0,30.0,FALL
2017-12-18,2565.0,2560.0,2580.0,2550.0,167696.0,433.0,-443.0,10.0,0.0251,-40.0,25.0,FALL
2017-12-15,2590.0,2610.0,2610.0,2550.0,192458.0,6064.0,-6064.0,0.0,0.0252,-50.0,20.0,FALL
2017-12-14,2610.0,2615.0,2655.0,2580.0,458415.0,46715.0,-46725.0,10.0,0.0257,-50.0,10.0,RISE
2017-12-13,2600.0,2560.0,2610.0,2545.0,415336.0,-21268.0,20946.0,322.0,0.0268,-60.0,60.0,RISE
2017-12-12,2540.0,2580.0,2585.0,2530.0,156831.0,-8143.0,8114.0,29.0,0.0263,-382.0,15.0,FALL
2017-12-11,2555.0,2535.0,2575.0,2520.0,160676.0,-8885.0,8782.0,103.0,0.0261,-411.0,20.0,RISE
2017-12-08,2535.0,2585.0,2585.0,2515.0,182802.0,12412.0,-11898.0,-514.0,0.0259,-514.0,45.0,FALL
2017-12-07,2580.0,2585.0,2630.0,2560.0,386717.0,20779.0,-20853.0,74.0,0.0262,74.0,0.0,EVEN
2017-12-06,2580.0,2535.0,2585.0,2535.0,268873.0,-35232.0,35113.0,119.0,0.0267,119.0,45.0,RISE
2017-12-05,2535.0,2510.0,2545.0,2510.0,158051.0,-18640.0,18635.0,5.0,0.0259,5.0,15.0,RISE
2017-12-04,2520.0,2520.0,2545.0,2500.0,137872.0,1519.0,-1585.0,66.0,0.0254,66.0,0.0,EVEN
2017-12-01,2520.0,2525.0,2540.0,2510.0,111434.0,727.0,-853.0,126.0,0.0255,126.0,5.0,FALL
2017-11-30,2525.0,2540.0,2555.0,2520.0,145505.0,-3335.0,2792.0,543.0,0.0255,543.0,30.0,FALL
2017-11-29,2555.0,2525.0,2565.0,2510.0,112438.0,-6090.0,9261.0,-3171.0,0.0254,-3171.0,5.0,RISE
2017-11-28,2550.0,2560.0,2610.0,2540.0,257251.0,22012.0,-21772.0,-240.0,0.0252,-240.0,10.0,FALL
2017-11-27,2560.0,2585.0,2620.0,2540.0,140871.0,22911.0,-22750.0,-161.0,0.0257,-161.0,0.0,EVEN
2017-11-24,2560.0,2520.0,2605.0,2520.0,166780.0,-5594.0,5628.0,-34.0,0.0262,-34.0,45.0,RISE
2017-11-23,2515.0,2515.0,2545.0,2505.0,215510.0,-45503.0,45360.0,143.0,0.0261,143.0,25.0,RISE
2017-11-22,2490.0,2595.0,2645.0,2485.0,476295.0,-33849.0,33627.0,222.0,0.0251,222.0,105.0,FALL
2017-11-21,2595.0,2745.0,2745.0,2595.0,609117.0,-5134.0,5213.0,-79.0,0.0245,-79.0,170.0,FALL
2017-11-20,2765.0,2720.0,2790.0,2715.0,460025.0,12588.0,-12516.0,-72.0,0.0244,-72.0,65.0,RISE
2017-11-17,2700.0,2650.0,2715.0,2635.0,291366.0,-1628.0,853.0,775.0,0.0247,775.0,50.0,RISE
2017-11-16,2650.0,2650.0,2730.0,2620.0,320208.0,-7013.0,7837.0,-824.0,0.0246,-824.0,20.0,RISE
2017-11-15,2630.0,2645.0,2670.0,2605.0,262175.0,7903.0,-8078.0,175.0,0.0246,175.0,5.0,FALL
2017-11-14,2635.0,2680.0,2715.0,2625.0,331275.0,3494.0,-3423.0,-71.0,0.0248,-71.0,45.0,FALL
2017-11-13,2680.0,2660.0,2755.0,2660.0,626435.0,-29942.0,30006.0,-64.0,0.0249,-64.0,15.0,RISE
2017-11-10,2665.0,2610.0,2870.0,2610.0,2036504.0,61971.0,-61935.0,-36.0,0.0242,-36.0,55.0,RISE
2017-11-09,2610.0,2595.0,2620.0,2580.0,87427.0,-30921.0,30685.0,236.0,0.0256,236.0,20.0,RISE
2017-11-08,2590.0,2570.0,2605.0,2565.0,76535.0,-1906.0,1882.0,24.0,0.0249,24.0,10.0,RISE
2017-11-07,2580.0,2580.0,2610.0,2575.0,84588.0,-11024.0,11195.0,-171.0,0.0248,-171.0,10.0,RISE
2017-11-06,2570.0,2570.0,2605.0,2545.0,102067.0,-4119.0,3760.0,359.0,0.0246,359.0,5.0,RISE
2017-11-03,2565.0,2575.0,2600.0,2560.0,121226.0,-33456.0,32190.0,1266.0,0.0245,1266.0,5.0,FALL
2017-11-02,2570.0,2620.0,2635.0,2570.0,75643.0,-11364.0,11338.0,26.0,0.0238,26.0,30.0,FALL
2017-11-01,2600.0,2645.0,2665.0,2590.0,121488.0,2518.0,-2507.0,-11.0,0.0235,-11.0,45.0,FALL
2017-10-31,2645.0,2630.0,2675.0,2610.0,172442.0,2868.0,-2856.0,-12.0,0.0236,-12.0,25.0,RISE
2017-10-30,2620.0,2615.0,2640.0,2585.0,184461.0,5595.0,-5648.0,53.0,0.0236,53.0,20.0,RISE
2017-10-27,2600.0,2570.0,2600.0,2550.0,165869.0,-13135.0,13020.0,115.0,0.0238,115.0,70.0,RISE
2017-10-26,2530.0,2550.0,2570.0,2530.0,89373.0,-5083.0,3845.0,1238.0,0.0235,1238.0,20.0,FALL
2017-10-25,2550.0,2535.0,2585.0,2520.0,156249.0,-26834.0,26864.0,-30.0,0.0234,-30.0,15.0,RISE
2017-10-24,2535.0,2550.0,2570.0,2535.0,125873.0,-13845.0,13891.0,-46.0,0.0227,-46.0,20.0,RISE
2017-10-23,2515.0,2530.0,2550.0,2505.0,126153.0,-4923.0,5004.0,-81.0,0.0224,-81.0,35.0,FALL
2017-10-20,2550.0,2525.0,2595.0,2510.0,280072.0,19570.0,-19507.0,-63.0,0.0223,-63.0,20.0,RISE
2017-10-19,2530.0,2505.0,2530.0,2500.0,156132.0,-15086.0,15164.0,-78.0,0.0228,-78.0,10.0,RISE
2017-10-18,2520.0,2530.0,2530.0,2480.0,103160.0,4629.0,-4538.0,-91.0,0.0224,-91.0,0.0,EVEN
2017-10-17,2520.0,2515.0,2540.0,2505.0,114687.0,103.0,13.0,-116.0,0.0225,-116.0,5.0,RISE
2017-10-16,2515.0,2485.0,2515.0,2460.0,124464.0,4936.0,-4914.0,-22.0,0.0225,-22.0,35.0,RISE
2017-10-13,2480.0,2515.0,2540.0,2460.0,110580.0,17874.0,-17595.0,-279.0,0.0226,-279.0,60.0,FALL
2017-10-12,2540.0,2500.0,2540.0,2475.0,124588.0,1085.0,-2045.0,960.0,0.0231,960.0,45.0,RISE
2017-10-11,2495.0,2430.0,2505.0,2430.0,90114.0,-25252.0,25327.0,-75.0,0.0231,-75.0,55.0,RISE
2017-10-10,2440.0,2480.0,2505.0,2440.0,145011.0,18054.0,-17930.0,-124.0,0.0226,-124.0,60.0,FALL
2017-09-29,2500.0,2415.0,2515.0,2415.0,194953.0,-32543.0,32381.0,162.0,0.023,162.0,95.0,RISE
2017-09-28,2405.0,2430.0,2450.0,2405.0,106217.0,-4603.0,4704.0,-101.0,0.0223,-101.0,20.0,FALL
2017-09-27,2425.0,2375.0,2470.0,2375.0,111895.0,-8926.0,9045.0,-119.0,0.0222,-119.0,35.0,RISE
2017-09-26,2390.0,2300.0,2410.0,2300.0,158589.0,-31517.0,31628.0,-111.0,0.022,-111.0,25.0,RISE
2017-09-25,2365.0,2415.0,2500.0,2360.0,309619.0,9212.0,-9166.0,-46.0,0.0213,-46.0,65.0,FALL
2017-09-22,2430.0,2455.0,2485.0,2420.0,398753.0,26124.0,-25969.0,-155.0,0.0215,-155.0,45.0,FALL
2017-09-21,2475.0,2490.0,2560.0,2470.0,319692.0,17060.0,-16870.0,-190.0,0.0221,-190.0,25.0,FALL
2017-09-20,2500.0,2510.0,2515.0,2485.0,193726.0,13069.0,-12872.0,-197.0,0.0225,-197.0,5.0,FALL
2017-09-19,2505.0,2505.0,2530.0,2505.0,109823.0,-14680.0,14936.0,-256.0,0.0228,-256.0,0.0,EVEN
2017-09-18,2505.0,2505.0,2545.0,2500.0,213040.0,-15163.0,15411.0,-248.0,0.0224,-248.0,20.0,FALL
2017-09-15,2525.0,2510.0,2530.0,2480.0,197275.0,-20719.0,20907.0,-188.0,0.0221,-188.0,5.0,RISE
2017-09-14,2520.0,2460.0,2675.0,2460.0,1103433.0,59463.0,-59394.0,-69.0,0.0216,-69.0,25.0,RISE
2017-09-13,2495.0,2515.0,2530.0,2485.0,149585.0,1913.0,-1896.0,-17.0,0.023,-17.0,25.0,FALL
2017-09-12,2520.0,2540.0,2540.0,2500.0,164462.0,-26501.0,26465.0,36.0,0.023,36.0,20.0,RISE
2017-09-11,2500.0,2555.0,2570.0,2500.0,197039.0,-18542.0,17829.0,713.0,0.0224,713.0,55.0,FALL
2017-09-08,2555.0,2595.0,2595.0,2535.0,232382.0,18432.0,-18319.0,-113.0,0.022,-113.0,35.0,FALL
2017-09-07,2590.0,2570.0,2600.0,2560.0,82781.0,-13574.0,13467.0,107.0,0.0225,107.0,25.0,RISE
2017-09-06,2565.0,2560.0,2605.0,2560.0,101345.0,-19011.0,18798.0,213.0,0.0222,213.0,5.0,FALL
2017-09-05,2570.0,2585.0,2615.0,2540.0,278472.0,-6160.0,6186.0,-26.0,0.0218,-26.0,30.0,FALL
2017-09-04,2600.0,2470.0,2625.0,2470.0,331759.0,-76970.0,76704.0,266.0,0.0216,266.0,65.0,FALL
2017-09-01,2665.0,2650.0,2675.0,2640.0,116811.0,-20748.0,19311.0,1437.0,0.0198,1437.0,15.0,RISE
2017-08-31,2650.0,2675.0,2685.0,2645.0,137383.0,1115.0,-1118.0,3.0,0.0193,3.0,25.0,FALL
2017-08-30,2675.0,2635.0,2690.0,2635.0,151711.0,-56072.0,56072.0,0.0,0.0193,-56072.0,20.0,RISE
2017-08-29,2655.0,2660.0,2695.0,2625.0,257974.0,5794.0,-5794.0,0.0,0.0179,4394.0,45.0,FALL
2017-08-28,2700.0,2710.0,2725.0,2685.0,141561.0,-15300.0,15300.0,0.0,0.0179,-15100.0,15.0,FALL
2017-08-25,2715.0,2680.0,2715.0,2675.0,103605.0,-19264.0,19264.0,0.0,0.0176,-18213.0,25.0,RISE
2017-08-24,2690.0,2685.0,2770.0,2670.0,409032.0,33959.0,-33959.0,0.0,0.0171,32462.0,20.0,RISE
2017-08-23,2670.0,2685.0,2690.0,2640.0,191446.0,-6662.0,6662.0,0.0,0.0179,-7762.0,5.0,RISE
2017-08-22,2665.0,2605.0,2675.0,2605.0,119921.0,-28042.0,28002.0,40.0,0.0177,40.0,50.0,RISE
2017-08-21,2615.0,2640.0,2640.0,2590.0,174038.0,-8814.0,8814.0,0.0,0.0171,-8814.0,25.0,FALL
2017-08-18,2640.0,2625.0,2665.0,2610.0,109156.0,-6419.0,6410.0,9.0,0.0169,9.0,5.0,FALL
2017-08-17,2645.0,2585.0,2655.0,2580.0,303770.0,-72611.0,72611.0,0.0,0.0167,-82318.0,65.0,RISE
2017-08-16,2580.0,2590.0,2630.0,2580.0,318840.0,-14345.0,14099.0,246.0,0.0151,246.0,10.0,FALL
2017-08-14,2590.0,2560.0,2600.0,2550.0,319859.0,-9532.0,8045.0,1487.0,0.0147,1487.0,60.0,RISE
2017-08-11,2530.0,2510.0,2585.0,2500.0,270100.0,19318.0,-19308.0,-10.0,0.0146,-10.0,15.0,FALL
2017-08-10,2545.0,2530.0,2580.0,2510.0,260734.0,10539.0,-10526.0,-13.0,0.015,-13.0,20.0,RISE
2017-08-09,2525.0,2535.0,2580.0,2515.0,126055.0,3222.0,-3991.0,769.0,0.0152,769.0,35.0,FALL
2017-08-08,2560.0,2575.0,2590.0,2540.0,137529.0,4659.0,-4659.0,0.0,0.0153,4477.0,30.0,FALL
2017-08-07,2590.0,2525.0,2590.0,2500.0,281704.0,-43631.0,43631.0,0.0,0.0154,-43031.0,65.0,RISE
2017-08-04,2525.0,2485.0,2525.0,2485.0,158974.0,-16470.0,16475.0,-5.0,0.0144,-5.0,40.0,RISE
2017-08-03,2485.0,2540.0,2570.0,2480.0,314163.0,48964.0,-48966.0,2.0,0.0141,2.0,90.0,FALL
2017-08-02,2575.0,2550.0,2580.0,2545.0,183420.0,-15430.0,15427.0,3.0,0.0152,3.0,45.0,RISE
2017-08-01,2530.0,2470.0,2550.0,2470.0,191330.0,-41975.0,41944.0,31.0,0.0148,31.0,45.0,RISE
2017-07-31,2485.0,2525.0,2560.0,2450.0,585456.0,-73705.0,73705.0,0.0,0.0139,-74929.0,115.0,FALL
2017-07-28,2600.0,2670.0,2685.0,2595.0,343667.0,17896.0,-17896.0,0.0,0.0121,17496.0,70.0,FALL
2017-07-27,2670.0,2670.0,2750.0,2650.0,332958.0,37813.0,-37883.0,70.0,0.0125,70.0,0.0,EVEN
2017-07-26,2670.0,2700.0,2725.0,2655.0,295945.0,32511.0,-32511.0,0.0,0.0134,32111.0,40.0,FALL
2017-07-25,2710.0,2700.0,2735.0,2700.0,197397.0,2880.0,-2880.0,0.0,0.0141,2482.0,10.0,RISE
2017-07-24,2700.0,2755.0,2775.0,2700.0,323204.0,-15577.0,15577.0,0.0,0.0142,-15784.0,80.0,FALL
2017-07-21,2780.0,2770.0,2795.0,2750.0,170536.0,-32324.0,32324.0,0.0,0.0138,-27524.0,5.0,RISE
2017-07-20,2775.0,2810.0,2815.0,2770.0,282210.0,47077.0,-47077.0,0.0,0.0131,26602.0,45.0,FALL
2017-07-19,2820.0,2805.0,2835.0,2775.0,272384.0,-38831.0,38831.0,0.0,0.0146,-36056.0,15.0,RISE
2017-07-18,2805.0,2785.0,2805.0,2765.0,299224.0,-23318.0,23318.0,0.0,0.0137,-23118.0,25.0,RISE
2017-07-17,2780.0,2710.0,2805.0,2695.0,767849.0,2876.0,-2876.0,0.0,0.0131,1376.0,105.0,RISE
2017-07-14,2675.0,2705.0,2730.0,2665.0,347158.0,30222.0,-30222.0,0.0,0.0131,28194.0,55.0,FALL
2017-07-13,2730.0,2715.0,2735.0,2700.0,258873.0,-18327.0,18322.0,5.0,0.0138,5.0,15.0,RISE
2017-07-12,2715.0,2715.0,2750.0,2715.0,194024.0,-9117.0,9114.0,3.0,0.0134,3.0,5.0,FALL
2017-07-11,2720.0,2735.0,2750.0,2715.0,217719.0,-7233.0,7233.0,0.0,0.0132,-4914.0,30.0,FALL
2017-07-10,2750.0,2795.0,2805.0,2725.0,381581.0,8937.0,-8937.0,0.0,0.013,3319.0,60.0,FALL
2017-07-07,2810.0,2850.0,2850.0,2805.0,289192.0,93923.0,-93914.0,-9.0,0.0134,-9.0,5.0,FALL
2017-07-06,2815.0,2800.0,2830.0,2795.0,195299.0,-29150.0,29154.0,-4.0,0.0143,-4.0,0.0,EVEN
2017-07-05,2815.0,2790.0,2835.0,2785.0,299254.0,-38162.0,37871.0,291.0,0.0137,291.0,5.0,FALL
2017-07-04,2820.0,2890.0,2890.0,2785.0,663962.0,4339.0,-4339.0,0.0,0.0128,7134.0,50.0,FALL
2017-07-03,2870.0,2845.0,2950.0,2820.0,1766640.0,1324.0,-1311.0,-13.0,0.0129,-13.0,85.0,RISE
2017-06-30,2785.0,2785.0,2830.0,2770.0,232448.0,6600.0,-6601.0,1.0,0.013,1.0,10.0,FALL
2017-06-29,2795.0,2780.0,2815.0,2775.0,199830.0,-25895.0,25895.0,0.0,0.0131,-33855.0,20.0,RISE
2017-06-28,2775.0,2800.0,2810.0,2775.0,205310.0,41732.0,-39920.0,-1812.0,0.0125,-1812.0,40.0,FALL
2017-06-27,2815.0,2785.0,2820.0,2775.0,191218.0,-25323.0,25323.0,0.0,0.0134,-25523.0,30.0,RISE
2017-06-26,2785.0,2855.0,2860.0,2785.0,317442.0,39961.0,-39961.0,0.0,0.0129,39761.0,55.0,FALL
2017-06-23,2840.0,2840.0,2855.0,2815.0,174548.0,13898.0,-13898.0,0.0,0.0138,10298.0,0.0,EVEN
2017-06-22,2840.0,2780.0,2865.0,2760.0,455362.0,-38938.0,38938.0,0.0,0.014,-38938.0,65.0,RISE
2017-06-21,2775.0,2800.0,2805.0,2730.0,364699.0,-25765.0,25765.0,0.0,0.0131,-19744.0,5.0,FALL
2017-06-20,2780.0,2870.0,2875.0,2780.0,710212.0,-26629.0,26629.0,0.0,0.0125,-26633.0,95.0,FALL
2017-06-19,2875.0,2865.0,2885.0,2845.0,287285.0,-5982.0,5979.0,3.0,0.0119,3.0,10.0,RISE
2017-06-16,2865.0,2895.0,2910.0,2860.0,294344.0,-10003.0,10027.0,-24.0,0.0117,-24.0,5.0,FALL
2017-06-15,2870.0,2910.0,2910.0,2865.0,259239.0,16060.0,-16110.0,50.0,0.0115,50.0,35.0,FALL
2017-06-14,2905.0,2880.0,2915.0,2870.0,337846.0,7869.0,-7961.0,92.0,0.0119,92.0,35.0,RISE
2017-06-13,2870.0,2880.0,2920.0,2865.0,279689.0,-8861.0,8861.0,0.0,0.0121,-8859.0,5.0,FALL
2017-06-12,2875.0,2940.0,2940.0,2855.0,619188.0,23237.0,-22354.0,-883.0,0.0119,-883.0,70.0,FALL
2017-06-09,2945.0,2970.0,2990.0,2935.0,534147.0,-25062.0,25062.0,0.0,0.0124,-32863.0,35.0,FALL
2017-06-08,2980.0,3010.0,3015.0,2965.0,547467.0,-3073.0,3073.0,0.0,0.0118,-16043.0,50.0,FALL
2017-06-07,3030.0,3055.0,3070.0,3025.0,496045.0,2164.0,-2164.0,0.0,0.0122,2164.0,40.0,FALL
2017-06-05,3070.0,3050.0,3075.0,3020.0,432840.0,-23257.0,23231.0,26.0,0.0123,26.0,15.0,RISE
2017-06-02,3055.0,3065.0,3070.0,3025.0,565491.0,22076.0,-22402.0,326.0,0.0117,326.0,0.0,EVEN
2017-06-01,3055.0,3075.0,3080.0,3040.0,272770.0,29258.0,-29258.0,0.0,0.0122,29216.0,15.0,FALL
2017-05-31,3070.0,3050.0,3090.0,3025.0,674202.0,33510.0,-34178.0,668.0,0.0129,668.0,25.0,FALL
2017-05-30,3095.0,3030.0,3095.0,3020.0,623215.0,-46283.0,45618.0,665.0,0.0137,665.0,55.0,RISE
2017-05-29,3040.0,3085.0,3110.0,3035.0,707382.0,13962.0,-13962.0,0.0,0.0127,13762.0,85.0,FALL
2017-05-26,3125.0,3155.0,3170.0,3100.0,708776.0,71290.0,-71290.0,0.0,0.013,71090.0,5.0,FALL
2017-05-25,3130.0,3050.0,3130.0,3030.0,682063.0,-53615.0,53610.0,5.0,0.0146,5.0,90.0,RISE
2017-05-24,3040.0,3085.0,3110.0,3035.0,603632.0,-15121.0,15052.0,69.0,0.0134,69.0,40.0,FALL
2017-05-23,3080.0,3125.0,3160.0,3080.0,1386892.0,84008.0,-84010.0,2.0,0.0131,2.0,10.0,RISE
2017-05-22,3070.0,3035.0,3100.0,3030.0,805375.0,-24352.0,24343.0,9.0,0.0149,9.0,0.0,EVEN
2017-05-19,3070.0,3010.0,3075.0,2990.0,806179.0,6742.0,-6756.0,14.0,0.0143,14.0,45.0,RISE
2017-05-18,3025.0,2990.0,3030.0,2960.0,564024.0,22170.0,-22174.0,4.0,0.0145,4.0,20.0,RISE
2017-05-17,3005.0,2995.0,3055.0,2975.0,757074.0,12406.0,-12398.0,-8.0,0.015,-8.0,45.0,RISE
2017-05-16,2960.0,3015.0,3055.0,2950.0,1073135.0,58241.0,-58241.0,0.0,0.0154,58141.0,55.0,FALL
2017-05-15,3015.0,3040.0,3055.0,2995.0,1086408.0,-41221.0,41221.0,0.0,0.0162,-35309.0,90.0,FALL
2017-05-12,3105.0,3185.0,3185.0,3100.0,1707974.0,45731.0,-45727.0,-4.0,0.0153,-4.0,105.0,FALL
2017-05-11,3210.0,3225.0,3390.0,3170.0,5863003.0,-5423.0,5433.0,-10.0,0.0163,-10.0,70.0,RISE
2017-05-10,3140.0,3240.0,3540.0,3055.0,11152446.0,74020.0,-73918.0,-102.0,0.0162,-102.0,55.0,FALL
2017-05-08,3195.0,3200.0,3245.0,3090.0,2232997.0,86023.0,-86023.0,0.0,0.0179,90571.0,40.0,RISE
2017-05-04,3155.0,2995.0,3160.0,2995.0,1728323.0,-135676.0,135676.0,0.0,0.0198,-135653.0,130.0,RISE
2017-05-02,3025.0,2990.0,3090.0,2955.0,2480326.0,-22314.0,40512.0,-18198.0,0.0167,-18198.0,80.0,RISE
2017-04-28,2945.0,2985.0,3015.0,2915.0,680281.0,44044.0,-43619.0,-425.0,0.0157,-425.0,40.0,FALL
2017-04-27,2985.0,2975.0,3000.0,2930.0,718406.0,16822.0,-16847.0,25.0,0.0167,25.0,25.0,RISE
2017-04-26,2960.0,3005.0,3020.0,2945.0,820650.0,-32420.0,32429.0,-9.0,0.0171,-9.0,25.0,FALL
2017-04-25,2985.0,3045.0,3145.0,2940.0,3749282.0,104104.0,-104105.0,1.0,0.0164,1.0,30.0,FALL
2017-04-24,3015.0,2945.0,3090.0,2930.0,2575306.0,-16806.0,19604.0,-2798.0,0.0188,-2798.0,60.0,RISE
2017-04-21,2955.0,2965.0,2995.0,2940.0,548545.0,13035.0,-13035.0,0.0,0.0183,13035.0,5.0,FALL
2017-04-20,2960.0,2930.0,3025.0,2895.0,1688650.0,-8636.0,8635.0,1.0,0.0184,1.0,30.0,RISE
2017-04-19,2930.0,2935.0,2950.0,2890.0,419544.0,-31170.0,32810.0,-1640.0,0.0182,-1640.0,15.0,FALL
2017-04-18,2945.0,2945.0,2965.0,2880.0,555752.0,12444.0,-15831.0,3387.0,0.0174,3387.0,25.0,RISE
2017-04-17,2920.0,2870.0,2995.0,2870.0,1688206.0,79897.0,-87851.0,7954.0,0.0178,7954.0,50.0,RISE
2017-04-14,2870.0,2780.0,2885.0,2775.0,1013243.0,80462.0,-80656.0,194.0,0.0197,194.0,60.0,RISE
2017-04-13,2810.0,2855.0,2865.0,2760.0,962446.0,39433.0,-39433.0,0.0,0.0216,39857.0,15.0,FALL
2017-04-12,2825.0,2740.0,3010.0,2725.0,4493551.0,-8912.0,9709.0,-797.0,0.0225,-797.0,75.0,RISE
2017-04-11,2750.0,2715.0,2850.0,2685.0,1476420.0,67456.0,-67456.0,0.0,0.0222,67806.0,45.0,RISE
2017-04-10,2705.0,2800.0,2800.0,2665.0,1198700.0,116370.0,-115994.0,-376.0,0.0235,-376.0,145.0,FALL
2017-04-07,2850.0,2840.0,2850.0,2815.0,247955.0,33421.0,-30186.0,-3235.0,0.0262,-3235.0,20.0,RISE
2017-04-06,2830.0,2940.0,2945.0,2805.0,631412.0,94587.0,-94022.0,-565.0,0.0269,-565.0,90.0,FALL
2017-04-05,2920.0,2920.0,2970.0,2900.0,633139.0,-115706.0,115706.0,0.0,0.029,-115706.0,15.0,RISE
2017-04-04,2905.0,3080.0,3080.0,2890.0,1187879.0,132245.0,-131713.0,-532.0,0.0262,-532.0,145.0,FALL
2017-04-03,3050.0,2985.0,3105.0,2970.0,1378160.0,132599.0,-132592.0,-7.0,0.0291,-7.0,65.0,RISE
2017-03-31,2985.0,2880.0,3035.0,2880.0,1101784.0,-68998.0,68998.0,0.0,0.0317,-68398.0,70.0,RISE
2017-03-30,2915.0,2990.0,2995.0,2910.0,754899.0,79643.0,-79643.0,0.0,0.0301,79243.0,65.0,FALL
2017-03-29,2980.0,2995.0,2995.0,2910.0,1102005.0,32704.0,-32704.0,0.0,0.0319,36505.0,5.0,RISE
2017-03-28,2975.0,2810.0,3185.0,2790.0,7372607.0,-32553.0,25564.0,6989.0,0.0326,6989.0,185.0,RISE
2017-03-27,2790.0,2805.0,2835.0,2760.0,390644.0,98114.0,-98114.0,0.0,0.032,98114.0,20.0,FALL
2017-03-24,2810.0,2750.0,2825.0,2730.0,334471.0,-20073.0,20017.0,56.0,0.0343,56.0,60.0,RISE
2017-03-23,2750.0,2810.0,2840.0,2720.0,399704.0,3276.0,-3275.0,-1.0,0.0338,-1.0,60.0,FALL
2017-03-22,2810.0,2820.0,2900.0,2805.0,317488.0,41028.0,-42187.0,1159.0,0.0339,1159.0,10.0,FALL
2017-03-21,2820.0,2800.0,2870.0,2800.0,240472.0,-27367.0,27367.0,0.0,0.0343,-27367.0,20.0,RISE
2017-03-20,2800.0,2855.0,2890.0,2800.0,469672.0,-8357.0,8411.0,-54.0,0.0336,-54.0,100.0,FALL
2017-03-17,2900.0,2940.0,2955.0,2880.0,342311.0,4731.0,-4742.0,11.0,0.0334,11.0,20.0,FALL
2017-03-16,2920.0,2950.0,2965.0,2885.0,429318.0,-51344.0,51382.0,-38.0,0.0335,-38.0,30.0,FALL
2017-03-15,2950.0,2990.0,3020.0,2900.0,932563.0,37726.0,-37648.0,-78.0,0.0323,-78.0,15.0,FALL
2017-03-14,2965.0,2975.0,2975.0,2915.0,327588.0,-36562.0,26562.0,10000.0,0.0332,10000.0,5.0,FALL
2017-03-13,2970.0,2930.0,2990.0,2850.0,849454.0,-40189.0,40189.0,0.0,0.0325,-38553.0,60.0,RISE
2017-03-10,2910.0,2865.0,2980.0,2720.0,1920082.0,-39241.0,39646.0,-405.0,0.0316,-405.0,45.0,RISE
2017-03-09,2865.0,2775.0,2870.0,2750.0,769970.0,-53771.0,53771.0,0.0,0.0307,-53036.0,120.0,RISE
2017-03-08,2745.0,2725.0,2875.0,2720.0,997617.0,69461.0,-69461.0,0.0,0.0295,68018.0,5.0,RISE
2017-03-07,2740.0,2675.0,2770.0,2675.0,178792.0,-8172.0,8173.0,-1.0,0.0311,-1.0,35.0,RISE
2017-03-06,2705.0,2650.0,2735.0,2595.0,493235.0,-125229.0,125165.0,64.0,0.0309,64.0,45.0,RISE
2017-03-03,2660.0,2750.0,2765.0,2630.0,501436.0,-5886.0,5888.0,-2.0,0.028,-2.0,105.0,FALL
2017-03-02,2765.0,2805.0,2830.0,2740.0,339081.0,26773.0,-26773.0,0.0,0.0279,24373.0,35.0,FALL
2017-02-28,2800.0,2775.0,2825.0,2770.0,231683.0,-3339.0,3297.0,42.0,0.0285,42.0,25.0,RISE
2017-02-27,2775.0,2835.0,2845.0,2775.0,300002.0,-17485.0,17485.0,0.0,0.0284,-17685.0,60.0,FALL
2017-02-24,2835.0,2870.0,2900.0,2825.0,347482.0,-28815.0,28340.0,475.0,0.028,475.0,55.0,FALL
2017-02-23,2890.0,2950.0,2965.0,2890.0,321337.0,38041.0,-38041.0,0.0,0.0273,38018.0,60.0,FALL
2017-02-22,2950.0,2960.0,2970.0,2935.0,308710.0,-27050.0,27084.0,-34.0,0.0282,-34.0,5.0,FALL
2017-02-21,2955.0,2990.0,2990.0,2925.0,342210.0,31072.0,-31072.0,0.0,0.0276,31070.0,5.0,RISE
2017-02-20,2950.0,2950.0,3000.0,2915.0,445205.0,-7908.0,7908.0,0.0,0.0283,-7910.0,20.0,FALL
2017-02-17,2970.0,2890.0,2985.0,2890.0,643743.0,-65401.0,65401.0,0.0,0.0281,-65303.0,80.0,RISE
2017-02-16,2890.0,2920.0,2935.0,2880.0,397930.0,-78689.0,78675.0,14.0,0.0266,14.0,30.0,FALL
2017-02-15,2920.0,2940.0,2985.0,2905.0,441036.0,-23925.0,23925.0,0.0,0.0248,-25405.0,5.0,RISE
2017-02-14,2915.0,2945.0,3015.0,2910.0,759451.0,71235.0,-69968.0,-1267.0,0.0243,-1267.0,30.0,FALL
2017-02-13,2945.0,2885.0,2955.0,2845.0,644275.0,-70321.0,70714.0,-393.0,0.0259,-393.0,35.0,RISE
2017-02-10,2910.0,3090.0,3180.0,2885.0,3410388.0,323319.0,-323295.0,-24.0,0.023,-24.0,20.0,RISE
2017-02-09,2890.0,2825.0,2895.0,2820.0,550183.0,-71647.0,71647.0,0.0,0.03,-71847.0,35.0,RISE
2017-02-08,2855.0,2800.0,2980.0,2775.0,2121701.0,146829.0,-146829.0,0.0,0.0283,146079.0,80.0,RISE
2017-02-07,2775.0,2830.0,2845.0,2770.0,362488.0,61289.0,-61289.0,0.0,0.0317,61831.0,75.0,FALL
2017-02-06,2850.0,2815.0,2865.0,2800.0,297277.0,-66683.0,66683.0,0.0,0.0326,-66804.0,30.0,RISE
2017-02-03,2820.0,2825.0,2885.0,2780.0,419520.0,15991.0,-15991.0,0.0,0.0309,15791.0,30.0,FALL
2017-02-02,2850.0,2775.0,2890.0,2775.0,1250865.0,19885.0,-19601.0,-284.0,0.0313,-284.0,135.0,FALL
2017-02-01,2985.0,2915.0,2985.0,2910.0,856430.0,42346.0,-42346.0,0.0,0.0317,42346.0,40.0,RISE
2017-01-31,2945.0,2890.0,2945.0,2875.0,423976.0,24046.0,-24046.0,0.0,0.0323,21208.0,20.0,RISE
2017-01-26,2925.0,2770.0,3150.0,2770.0,2588846.0,146278.0,-146278.0,0.0,0.0329,146778.0,150.0,RISE
2017-01-25,2775.0,2865.0,2865.0,2765.0,374866.0,76495.0,-76495.0,0.0,0.0363,79495.0,15.0,FALL
2017-01-24,2790.0,2720.0,2820.0,2715.0,356701.0,-26909.0,21910.0,4999.0,0.038,4999.0,40.0,RISE
2017-01-23,2750.0,2800.0,2890.0,2750.0,502480.0,-8907.0,8907.0,0.0,0.0375,-2900.0,80.0,FALL
2017-01-20,2830.0,2880.0,2915.0,2830.0,582541.0,-70833.0,70782.0,51.0,0.0373,51.0,70.0,FALL
2017-01-19,2900.0,3025.0,3045.0,2880.0,589874.0,49666.0,-49715.0,49.0,0.0355,49.0,125.0,FALL
2017-01-18,3025.0,2940.0,3065.0,2915.0,530851.0,-45732.0,45683.0,49.0,0.0366,49.0,85.0,RISE
2017-01-17,2940.0,3015.0,3050.0,2940.0,495487.0,3943.0,-3948.0,5.0,0.0356,5.0,75.0,FALL
2017-01-16,3015.0,3105.0,3110.0,2955.0,626254.0,-89593.0,89724.0,-131.0,0.0356,-131.0,70.0,FALL
2017-01-13,3085.0,3165.0,3220.0,3055.0,721495.0,4882.0,-4329.0,-553.0,0.0336,-553.0,75.0,FALL
2017-01-12,3160.0,3260.0,3295.0,3135.0,901206.0,168082.0,-168082.0,0.0,0.0337,168380.0,100.0,FALL
2017-01-11,3260.0,3235.0,3280.0,3230.0,447334.0,4981.0,-6015.0,1034.0,0.0374,1034.0,25.0,RISE
2017-01-10,3235.0,3225.0,3315.0,3215.0,967640.0,-499.0,727.0,-228.0,0.0376,-228.0,5.0,FALL
2017-01-09,3240.0,3320.0,3325.0,3235.0,704797.0,88123.0,-88123.0,0.0,0.0376,93838.0,60.0,FALL
2017-01-06,3300.0,3250.0,3305.0,3220.0,606246.0,-48370.0,47228.0,1142.0,0.0395,1142.0,55.0,RISE
2017-01-05,3245.0,3300.0,3330.0,3220.0,768748.0,-41027.0,41027.0,0.0,0.0384,-40207.0,75.0,FALL
2017-01-04,3320.0,3370.0,3370.0,3280.0,608057.0,35411.0,-35430.0,19.0,0.0374,19.0,30.0,FALL
2017-01-03,3350.0,3325.0,3435.0,3320.0,1624931.0,60991.0,-60991.0,0.0,0.0382,57691.0,15.0,RISE
2017-01-02,3335.0,3285.0,3350.0,3235.0,736352.0,-16471.0,16333.0,138.0,0.0396,138.0,75.0,RISE
2016-12-29,3260.0,3225.0,3305.0,3215.0,385378.0,7042.0,-7078.0,36.0,0.0415,36.0,10.0,FALL
2016-12-28,3270.0,3150.0,3310.0,3150.0,895610.0,-66587.0,66125.0,462.0,0.0416,462.0,75.0,RISE
2016-12-27,3195.0,3100.0,3255.0,3100.0,967876.0,-206981.0,206973.0,8.0,0.0401,8.0,90.0,RISE
2016-12-26,3105.0,3310.0,3425.0,3100.0,3496665.0,160185.0,-160419.0,234.0,0.0355,234.0,165.0,FALL
2016-12-23,3270.0,3245.0,3340.0,3225.0,1674855.0,117665.0,-117751.0,86.0,0.0396,86.0,60.0,RISE
2016-12-22,3210.0,3250.0,3260.0,3205.0,666752.0,21824.0,-21824.0,0.0,0.0423,21436.0,40.0,FALL
2016-12-21,3250.0,3220.0,3315.0,3125.0,1754529.0,26744.0,-26744.0,0.0,0.0434,37614.0,70.0,RISE
2016-12-20,3180.0,3220.0,3245.0,3145.0,1584037.0,-59802.0,59802.0,0.0,0.044,-41388.0,20.0,FALL
2016-12-19,3200.0,2965.0,3385.0,2950.0,6849594.0,132789.0,-133098.0,309.0,0.0427,309.0,265.0,RISE
2016-12-16,2935.0,2950.0,2990.0,2925.0,615975.0,86250.0,-86471.0,221.0,0.0457,221.0,15.0,FALL
2016-12-15,2950.0,2890.0,3005.0,2880.0,657594.0,48348.0,-48693.0,345.0,0.0477,345.0,25.0,RISE
2016-12-14,2925.0,2905.0,2960.0,2875.0,512755.0,63535.0,-63811.0,276.0,0.0488,276.0,30.0,RISE
2016-12-13,2895.0,2930.0,2955.0,2860.0,563446.0,17042.0,-17041.0,-1.0,0.0503,-1.0,35.0,FALL
2016-12-12,2930.0,2820.0,3010.0,2795.0,1789422.0,235705.0,-235705.0,0.0,0.0507,236168.0,100.0,RISE
2016-12-09,2830.0,2680.0,2860.0,2650.0,1280754.0,91343.0,-85850.0,-5493.0,0.0561,-5493.0,170.0,RISE
2016-12-08,2660.0,2680.0,2690.0,2630.0,372903.0,-24384.0,27419.0,-3035.0,0.0581,-3035.0,30.0,RISE
2016-12-07,2630.0,2725.0,2755.0,2570.0,555290.0,58878.0,-55603.0,-3275.0,0.0575,-3275.0,80.0,FALL
2016-12-06,2710.0,2630.0,2715.0,2600.0,557780.0,-65982.0,65982.0,0.0,0.0601,-65833.0,140.0,RISE
2016-12-05,2570.0,2610.0,2675.0,2560.0,830542.0,-204822.0,204822.0,0.0,0.0585,-196553.0,105.0,FALL
2016-12-02,2675.0,2730.0,2780.0,2670.0,671862.0,-83513.0,83393.0,120.0,0.0547,120.0,70.0,FALL
2016-12-01,2745.0,2895.0,2920.0,2730.0,1040814.0,74035.0,-74173.0,138.0,0.0523,138.0,150.0,FALL
2016-11-30,2895.0,2895.0,3045.0,2875.0,1018847.0,138266.0,-138404.0,138.0,0.0538,138.0,5.0,RISE
2016-11-29,2890.0,2970.0,3020.0,2845.0,921868.0,166708.0,-166795.0,87.0,0.0567,87.0,80.0,FALL
2016-11-28,2970.0,3035.0,3095.0,2970.0,514992.0,80146.0,-80288.0,142.0,0.0605,142.0,65.0,FALL
2016-11-25,3035.0,2995.0,3035.0,2960.0,450162.0,14149.0,-14287.0,138.0,0.0624,138.0,40.0,RISE
2016-11-24,2995.0,2965.0,3040.0,2885.0,777114.0,-8343.0,8205.0,138.0,0.0627,138.0,30.0,RISE
2016-11-23,2965.0,3140.0,3155.0,2965.0,774075.0,13561.0,-13542.0,-19.0,0.0625,-19.0,175.0,FALL
2016-11-22,3140.0,3185.0,3205.0,3080.0,459499.0,55111.0,-55153.0,42.0,0.0629,42.0,5.0,FALL
2016-11-21,3145.0,3080.0,3180.0,3010.0,678707.0,-85267.0,85267.0,0.0,0.0641,-85270.0,10.0,RISE
2016-11-18,3135.0,3320.0,3320.0,3135.0,913352.0,44124.0,-44156.0,32.0,0.0622,32.0,190.0,FALL
2016-11-17,3325.0,3400.0,3425.0,3280.0,928940.0,205351.0,-205616.0,265.0,0.0632,265.0,40.0,FALL
2016-11-16,3365.0,3280.0,3375.0,3280.0,814953.0,15035.0,-15022.0,-13.0,0.068,-13.0,95.0,RISE
2016-11-15,3270.0,3310.0,3415.0,3250.0,1042916.0,232856.0,-232787.0,-69.0,0.0684,-69.0,55.0,FALL
2016-11-14,3325.0,3330.0,3375.0,3255.0,895915.0,54736.0,-54655.0,-81.0,0.0738,-81.0,25.0,FALL
2016-11-11,3350.0,3115.0,3440.0,3090.0,3275059.0,343153.0,-343154.0,1.0,0.075,1.0,210.0,RISE
2016-11-10,3140.0,3050.0,3150.0,3020.0,628017.0,-76268.0,76356.0,-88.0,0.083,-88.0,185.0,RISE
2016-11-09,2955.0,3150.0,3240.0,2780.0,1905912.0,1418.0,2003.0,-3421.0,0.0813,-3421.0,180.0,FALL
2016-11-08,3135.0,3160.0,3210.0,3100.0,411053.0,36198.0,-33729.0,-2469.0,0.0812,-2469.0,25.0,FALL
2016-11-07,3160.0,3085.0,3200.0,3060.0,745966.0,-36335.0,35784.0,551.0,0.08199999999999999,551.0,130.0,RISE
2016-11-04,3030.0,3020.0,3085.0,3000.0,381440.0,-22563.0,22563.0,0.0,0.0812,-23223.0,20.0,FALL
2016-11-03,3050.0,2955.0,3115.0,2955.0,866922.0,-109137.0,109136.0,1.0,0.0807,1.0,50.0,RISE
2016-11-02,3000.0,3200.0,3270.0,3000.0,1048832.0,-111043.0,131888.0,-20845.0,0.0783,-20845.0,245.0,FALL
2016-11-01,3245.0,3180.0,3340.0,3180.0,771439.0,-83478.0,83478.0,0.0,0.0753,-83525.0,45.0,RISE
2016-10-31,3200.0,3335.0,3375.0,3165.0,960346.0,60903.0,-60901.0,-2.0,0.0734,-2.0,225.0,FALL
2016-10-28,3425.0,3390.0,3495.0,3320.0,1774336.0,124586.0,-124099.0,-487.0,0.0748,-487.0,45.0,RISE
2016-10-27,3380.0,3350.0,3460.0,3335.0,920358.0,87547.0,-87547.0,0.0,0.0777,88103.0,20.0,FALL
2016-10-26,3400.0,3160.0,3470.0,3120.0,1838646.0,-189278.0,189278.0,0.0,0.0797,-190278.0,185.0,RISE
2016-10-25,3215.0,3360.0,3375.0,3160.0,1536141.0,-169600.0,169596.0,4.0,0.0753,4.0,145.0,FALL
2016-10-24,3360.0,3470.0,3625.0,3340.0,3046555.0,219570.0,-219570.0,0.0,0.0714,219103.0,75.0,RISE
2016-10-21,3285.0,3330.0,3400.0,3275.0,939802.0,-5199.0,5199.0,0.0,0.0765,28601.0,25.0,FALL
2016-10-20,3310.0,3350.0,3405.0,3220.0,1092441.0,-168387.0,168387.0,0.0,0.0764,-193387.0,35.0,FALL
2016-10-19,3345.0,3465.0,3465.0,3310.0,817940.0,-5993.0,5996.0,-3.0,0.0725,-3.0,60.0,FALL
2016-10-18,3405.0,3420.0,3535.0,3395.0,1102586.0,90483.0,-90483.0,0.0,0.0723,88479.0,15.0,FALL
2016-10-17,3420.0,3425.0,3465.0,3320.0,1013380.0,-121173.0,121157.0,16.0,0.0744,16.0,15.0,RISE
2016-10-14,3405.0,3510.0,3530.0,3335.0,1456895.0,-264801.0,266703.0,-1902.0,0.0716,-1902.0,75.0,FALL
2016-10-13,3480.0,3630.0,3685.0,3465.0,2052530.0,-101901.0,101901.0,0.0,0.0655,-101867.0,125.0,FALL
2016-10-12,3605.0,3570.0,3715.0,3570.0,1431640.0,-178108.0,178109.0,-1.0,0.0632,-1.0,20.0,FALL
2016-10-11,3625.0,3810.0,3865.0,3615.0,2483230.0,33839.0,-33838.0,-1.0,0.0591,-1.0,230.0,FALL
2016-10-10,3855.0,3765.0,3865.0,3705.0,1715862.0,-273678.0,273678.0,0.0,0.0599,-273182.0,105.0,RISE
2016-10-07,3750.0,3885.0,4080.0,3720.0,4798775.0,-106882.0,106882.0,0.0,0.0535,-105943.0,130.0,FALL
2016-10-06,3880.0,4030.0,4075.0,3865.0,3896670.0,115124.0,-114616.0,-508.0,0.0511,-508.0,10.0,RISE
2016-10-05,3870.0,3940.0,4075.0,3805.0,4090808.0,-88247.0,78597.0,9650.0,0.054000000000000006,9650.0,65.0,FALL
2016-10-04,3935.0,4095.0,4180.0,3820.0,5764798.0,77156.0,-77156.0,0.0,0.0526,84305.0,160.0,FALL
2016-09-30,4095.0,4075.0,4265.0,4015.0,6933389.0,19518.0,-7462.0,-12056.0,0.0544,-12056.0,10.0,FALL
2016-09-29,4105.0,4060.0,4390.0,3995.0,15637674.0,-688616.0,683850.0,4766.0,0.0544,4766.0,30.0,RISE
2016-09-28,4075.0,3850.0,4230.0,3760.0,15058427.0,-686492.0,675678.0,10814.0,0.0384,10814.0,185.0,RISE
2016-09-27,3890.0,3855.0,3980.0,3715.0,9468006.0,45481.0,-45481.0,0.0,0.0228,184274.0,15.0,RISE
2016-09-26,3875.0,3620.0,4080.0,3520.0,20939495.0,45754.0,-45674.0,-80.0,0.0235,-80.0,195.0,RISE
2016-09-23,3680.0,3790.0,3830.0,3505.0,15136846.0,116408.0,-117444.0,1036.0,0.0246,1036.0,25.0,FALL
2016-09-22,3705.0,4020.0,4045.0,3515.0,23838998.0,770737.0,-778917.0,8180.0,0.0274,8180.0,100.0,FALL
2016-09-21,3805.0,3020.0,3805.0,2995.0,17707305.0,192322.0,-172722.0,-19600.0,0.0454,-19600.0,875.0,UPPER_LIMIT
2016-09-20,2930.0,2870.0,3020.0,2820.0,3091522.0,-94924.0,94924.0,0.0,0.0494,-246523.0,55.0,RISE
2016-09-19,2875.0,2855.0,2970.0,2740.0,6041784.0,-64752.0,65835.0,-1083.0,0.0472,-1083.0,135.0,RISE
2016-09-13,2740.0,2680.0,2780.0,2665.0,2578137.0,-42971.0,41750.0,1221.0,0.0457,1221.0,120.0,RISE
2016-09-12,2620.0,2585.0,2705.0,2570.0,813668.0,-31909.0,31766.0,143.0,0.0458,143.0,30.0,FALL
2016-09-09,2650.0,2620.0,2740.0,2605.0,1583962.0,-22832.0,22832.0,0.0,0.0451,-23430.0,20.0,RISE
2016-09-08,2630.0,2720.0,2750.0,2545.0,1368734.0,-44820.0,43086.0,1734.0,0.0445,1734.0,40.0,FALL
2016-09-07,2670.0,2705.0,2750.0,2645.0,1233217.0,-24577.0,22962.0,1615.0,0.0436,1615.0,35.0,FALL
2016-09-06,2705.0,2675.0,2715.0,2625.0,1989435.0,-3936.0,2459.0,1477.0,0.043,1477.0,55.0,RISE
2016-09-05,2650.0,2555.0,2735.0,2530.0,3681613.0,-116359.0,116187.0,172.0,0.043,172.0,95.0,RISE
2016-09-02,2555.0,2520.0,2580.0,2485.0,652874.0,-35210.0,31311.0,3899.0,0.0403,3899.0,40.0,RISE
2016-09-01,2515.0,2420.0,2515.0,2410.0,453995.0,-53087.0,53087.0,0.0,0.0396,-53086.0,95.0,RISE
2016-08-31,2420.0,2440.0,2475.0,2380.0,594798.0,-46275.0,46061.0,214.0,0.0384,214.0,20.0,FALL
2016-08-30,2440.0,2425.0,2485.0,2425.0,378108.0,-77185.0,76805.0,380.0,0.0373,380.0,20.0,RISE
2016-08-29,2420.0,2560.0,2595.0,2410.0,1494062.0,134771.0,-135051.0,280.0,0.0355,280.0,180.0,FALL
2016-08-26,2600.0,2665.0,2665.0,2580.0,515021.0,9906.0,-9906.0,0.0,0.0387,9106.0,70.0,FALL
2016-08-25,2670.0,2620.0,2690.0,2600.0,848091.0,-26826.0,27220.0,-394.0,0.0389,-394.0,60.0,RISE
2016-08-24,2610.0,2575.0,2695.0,2565.0,1964027.0,-42098.0,41923.0,175.0,0.0383,175.0,35.0,RISE
2016-08-23,2575.0,2545.0,2605.0,2545.0,282056.0,-76163.0,76127.0,36.0,0.0373,36.0,30.0,RISE
2016-08-22,2545.0,2590.0,2665.0,2545.0,504092.0,-27797.0,27651.0,146.0,0.0355,146.0,65.0,FALL
2016-08-19,2610.0,2650.0,2690.0,2595.0,580980.0,49813.0,-50367.0,554.0,0.0349,554.0,40.0,FALL
2016-08-18,2650.0,2555.0,2670.0,2550.0,1542277.0,-154655.0,154655.0,0.0,0.0361,-152655.0,105.0,RISE
2016-08-17,2545.0,2600.0,2620.0,2530.0,375524.0,46480.0,-46840.0,360.0,0.0325,360.0,20.0,FALL
2016-08-16,2565.0,2540.0,2595.0,2490.0,423210.0,-55347.0,54194.0,1153.0,0.0336,1153.0,35.0,RISE
2016-08-12,2530.0,2530.0,2600.0,2505.0,597500.0,10933.0,-10933.0,0.0,0.0323,10933.0,35.0,RISE
2016-08-11,2495.0,2540.0,2555.0,2480.0,405189.0,9928.0,-9718.0,-210.0,0.0326,-210.0,45.0,FALL
2016-08-10,2540.0,2585.0,2585.0,2535.0,245782.0,26546.0,-26546.0,0.0,0.0328,18146.0,15.0,FALL
2016-08-09,2555.0,2560.0,2575.0,2535.0,303952.0,-6685.0,6685.0,0.0,0.0334,-7205.0,15.0,FALL
2016-08-08,2570.0,2575.0,2635.0,2555.0,778416.0,36024.0,-35997.0,-27.0,0.0332,-27.0,20.0,RISE
2016-08-05,2550.0,2540.0,2565.0,2505.0,367798.0,-26920.0,26920.0,0.0,0.0341,-26820.0,30.0,RISE
2016-08-04,2520.0,2535.0,2560.0,2505.0,281048.0,-21669.0,21669.0,0.0,0.0335,-21669.0,10.0,RISE
2016-08-03,2510.0,2510.0,2550.0,2455.0,365848.0,27879.0,-27879.0,0.0,0.033,29289.0,5.0,FALL
2016-08-02,2515.0,2515.0,2535.0,2490.0,203364.0,15558.0,-15560.0,2.0,0.0336,2.0,10.0,FALL
2016-08-01,2525.0,2500.0,2560.0,2490.0,319523.0,18181.0,-18181.0,0.0,0.034,18181.0,25.0,RISE
2016-07-29,2500.0,2495.0,2535.0,2485.0,209281.0,-15769.0,15769.0,0.0,0.0346,-15769.0,5.0,FALL
2016-07-28,2505.0,2460.0,2520.0,2460.0,320527.0,-76607.0,76697.0,-90.0,0.0343,-90.0,30.0,RISE
2016-07-27,2475.0,2550.0,2555.0,2475.0,715344.0,-41980.0,42202.0,-222.0,0.0325,-222.0,55.0,FALL
2016-07-26,2530.0,2570.0,2585.0,2530.0,334401.0,-7578.0,7581.0,-3.0,0.0315,-3.0,35.0,FALL
2016-07-25,2565.0,2540.0,2600.0,2505.0,361805.0,-35989.0,36063.0,-74.0,0.0314,-74.0,25.0,RISE
2016-07-22,2540.0,2545.0,2600.0,2515.0,507612.0,-12472.0,12472.0,0.0,0.0305,-12472.0,20.0,FALL
2016-07-21,2560.0,2580.0,2745.0,2525.0,2064241.0,4211.0,-4211.0,0.0,0.03,6710.0,20.0,RISE
2016-07-20,2540.0,2570.0,2605.0,2520.0,360093.0,-38949.0,39178.0,-229.0,0.0299,-229.0,35.0,FALL
2016-07-19,2575.0,2595.0,2640.0,2570.0,449205.0,31738.0,-31356.0,-382.0,0.029,-382.0,5.0,FALL
2016-07-18,2580.0,2645.0,2685.0,2565.0,647602.0,140887.0,-140887.0,0.0,0.0297,140886.0,50.0,FALL
2016-07-15,2630.0,2530.0,2705.0,2505.0,1719925.0,15235.0,-21048.0,5813.0,0.0329,5813.0,110.0,RISE
2016-07-14,2520.0,2585.0,2585.0,2500.0,542209.0,-65162.0,65221.0,-59.0,0.0334,-59.0,40.0,FALL
2016-07-13,2560.0,2620.0,2635.0,2550.0,822810.0,-17255.0,17255.0,0.0,0.0323,-19155.0,60.0,FALL
2016-07-12,2620.0,2625.0,2705.0,2605.0,582435.0,38229.0,-38253.0,24.0,0.0319,24.0,0.0,EVEN
2016-07-11,2620.0,2615.0,2690.0,2600.0,673151.0,-131308.0,131308.0,0.0,0.0327,-131427.0,5.0,RISE
2016-07-08,2615.0,2685.0,2690.0,2565.0,947305.0,-48385.0,48357.0,28.0,0.0297,28.0,70.0,FALL
2016-07-07,2685.0,2665.0,2725.0,2665.0,572358.0,-27942.0,27942.0,0.0,0.0286,-27942.0,45.0,RISE
2016-07-06,2640.0,2720.0,2735.0,2620.0,935374.0,-30410.0,30399.0,11.0,0.028,11.0,80.0,FALL
2016-07-05,2720.0,2720.0,2740.0,2650.0,1033794.0,-85249.0,85115.0,134.0,0.0273,134.0,0.0,EVEN
2016-07-04,2720.0,2850.0,2895.0,2715.0,2536297.0,43289.0,-43516.0,227.0,0.0253,227.0,120.0,FALL
2016-07-01,2840.0,2890.0,2890.0,2775.0,1365738.0,29234.0,-29234.0,0.0,0.0262,29234.0,35.0,RISE
2016-06-30,2805.0,2800.0,2835.0,2720.0,1063824.0,60459.0,-60459.0,0.0,0.0263,62519.0,30.0,RISE
2016-06-29,2775.0,2700.0,2800.0,2670.0,1666731.0,84507.0,-84468.0,-39.0,0.0274,-39.0,105.0,RISE
2016-06-28,2670.0,2545.0,2715.0,2545.0,1328709.0,66803.0,-66896.0,93.0,0.0294,93.0,105.0,RISE
2016-06-27,2565.0,2475.0,2620.0,2460.0,1282268.0,-181935.0,181776.0,159.0,0.0309,159.0,15.0,FALL
2016-06-24,2580.0,2890.0,2970.0,2465.0,8053627.0,-1074.0,-18893.0,19967.0,0.0268,19967.0,235.0,FALL
2016-06-23,2815.0,2790.0,2985.0,2700.0,6758566.0,26362.0,-26408.0,46.0,0.0271,46.0,65.0,RISE
2016-06-22,2750.0,2630.0,3020.0,2630.0,7222899.0,-56636.0,56636.0,0.0,0.0277,-57189.0,155.0,RISE
2016-06-21,2595.0,2800.0,2800.0,2585.0,2326038.0,43114.0,-43114.0,0.0,0.0264,42592.0,190.0,FALL
2016-06-20,2785.0,2645.0,2905.0,2625.0,9456787.0,90525.0,-90535.0,10.0,0.0273,10.0,185.0,RISE
2016-06-17,2600.0,2550.0,2600.0,2520.0,917503.0,65014.0,-65029.0,15.0,0.0289,15.0,60.0,RISE
2016-06-16,2540.0,2575.0,2575.0,2470.0,512653.0,36099.0,-36203.0,104.0,0.0303,104.0,5.0,FALL
2016-06-15,2545.0,2520.0,2590.0,2500.0,736400.0,51253.0,-51282.0,29.0,0.0297,29.0,25.0,RISE
2016-06-14,2520.0,2425.0,2575.0,2405.0,1007971.0,100136.0,-100332.0,196.0,0.0309,196.0,80.0,RISE
2016-06-13,2440.0,2410.0,2465.0,2390.0,226051.0,35112.0,-36534.0,1422.0,0.0332,1422.0,10.0,RISE
2016-06-10,2430.0,2400.0,2465.0,2395.0,267320.0,-39182.0,39450.0,-268.0,0.0341,-268.0,40.0,RISE
2016-06-09,2390.0,2430.0,2435.0,2380.0,360071.0,-15808.0,16034.0,-226.0,0.0332,-226.0,25.0,FALL
2016-06-08,2415.0,2450.0,2475.0,2415.0,491235.0,-37464.0,37359.0,105.0,0.0328,105.0,35.0,FALL
2016-06-07,2450.0,2480.0,2490.0,2420.0,515120.0,18962.0,-18845.0,-117.0,0.0319,-117.0,30.0,FALL
2016-06-03,2480.0,2505.0,2510.0,2455.0,479240.0,6020.0,-6384.0,364.0,0.0324,364.0,0.0,EVEN
2016-06-02,2480.0,2560.0,2580.0,2450.0,1685630.0,-14209.0,13457.0,752.0,0.0325,752.0,105.0,FALL
2016-06-01,2585.0,2450.0,2765.0,2400.0,10344672.0,78048.0,-80570.0,2522.0,0.0322,2522.0,145.0,RISE
2016-05-31,2440.0,2365.0,2455.0,2350.0,627860.0,-22703.0,17703.0,5000.0,0.0341,5000.0,50.0,RISE
2016-05-30,2390.0,2470.0,2505.0,2390.0,576891.0,26061.0,-34643.0,8582.0,0.0337,8582.0,60.0,FALL
2016-05-27,2450.0,2415.0,2465.0,2350.0,1066368.0,2733.0,-7985.0,5252.0,0.0345,5252.0,50.0,RISE
2016-05-26,2400.0,2375.0,2455.0,2355.0,1331486.0,25379.0,-29144.0,3765.0,0.0346,3765.0,50.0,RISE
2016-05-25,2350.0,2350.0,2420.0,2320.0,451126.0,27411.0,-27411.0,0.0,0.0353,27411.0,0.0,EVEN
2016-05-24,2350.0,2285.0,2435.0,2275.0,1327319.0,53075.0,-53082.0,7.0,0.036000000000000004,7.0,30.0,RISE
2016-05-23,2320.0,2245.0,2320.0,2200.0,619767.0,10043.0,-10043.0,0.0,0.0372,29547.0,95.0,RISE
2016-05-20,2225.0,2160.0,2285.0,2140.0,831083.0,35109.0,-25110.0,-9999.0,0.0374,-9999.0,65.0,RISE
2016-05-19,2160.0,2155.0,2180.0,2120.0,188850.0,69630.0,-69636.0,6.0,0.038,6.0,20.0,FALL
2016-05-18,2180.0,2180.0,2185.0,2145.0,120046.0,7151.0,-17328.0,10177.0,0.0396,10177.0,0.0,EVEN
2016-05-17,2180.0,2155.0,2185.0,2140.0,133723.0,6567.0,-6569.0,2.0,0.04,2.0,25.0,RISE
2016-05-16,2155.0,2150.0,2155.0,2125.0,160253.0,-3938.0,3937.0,1.0,0.0401,1.0,0.0,EVEN
2016-05-13,2155.0,2150.0,2165.0,2135.0,99748.0,-4951.0,4945.0,6.0,0.0401,6.0,5.0,FALL
2016-05-12,2160.0,2135.0,2170.0,2130.0,132045.0,2798.0,-2798.0,0.0,0.0399,2738.0,15.0,RISE
2016-05-11,2145.0,2195.0,2195.0,2140.0,206450.0,-10594.0,10594.0,0.0,0.04,-10633.0,25.0,FALL
2016-05-10,2170.0,2185.0,2195.0,2155.0,127009.0,-2649.0,2649.0,0.0,0.0398,-2649.0,0.0,EVEN
2016-05-09,2170.0,2235.0,2240.0,2160.0,214636.0,30521.0,-30523.0,2.0,0.0397,2.0,45.0,FALL
2016-05-04,2215.0,2240.0,2250.0,2210.0,163875.0,34347.0,-34349.0,2.0,0.0399,2.0,25.0,FALL
2016-05-03,2240.0,2225.0,2270.0,2225.0,193780.0,10507.0,-10507.0,0.0,0.0407,10511.0,15.0,RISE
2016-05-02,2225.0,2210.0,2230.0,2205.0,114205.0,27163.0,-27166.0,3.0,0.0409,3.0,15.0,RISE
2016-04-29,2210.0,2220.0,2230.0,2195.0,157195.0,36470.0,-36471.0,1.0,0.0417,1.0,10.0,FALL
2016-04-28,2220.0,2230.0,2260.0,2215.0,198173.0,14602.0,-14602.0,0.0,0.0425,14582.0,10.0,RISE
2016-04-27,2210.0,2200.0,2260.0,2200.0,261048.0,27352.0,-27339.0,-13.0,0.0429,-13.0,10.0,RISE
2016-04-26,2200.0,2235.0,2235.0,2195.0,159234.0,32110.0,-27110.0,-5000.0,0.0437,-5000.0,30.0,FALL
2016-04-25,2230.0,2210.0,2265.0,2200.0,293580.0,8843.0,-8843.0,0.0,0.0443,8833.0,25.0,RISE
2016-04-22,2205.0,2210.0,2270.0,2180.0,556495.0,40772.0,-36273.0,-4499.0,0.0445,-4499.0,5.0,RISE
2016-04-21,2200.0,2150.0,2210.0,2145.0,249977.0,-10220.0,10053.0,167.0,0.0454,167.0,50.0,RISE
2016-04-20,2150.0,2145.0,2175.0,2145.0,176584.0,3603.0,-3603.0,0.0,0.0451,3597.0,5.0,RISE
2016-04-19,2145.0,2150.0,2175.0,2130.0,137172.0,-3099.0,3181.0,-82.0,0.0463,-82.0,5.0,FALL
2016-04-18,2150.0,2175.0,2185.0,2135.0,183668.0,1077.0,-1082.0,5.0,0.0462,5.0,40.0,FALL
2016-04-15,2190.0,2220.0,2230.0,2175.0,199803.0,30198.0,-20970.0,-9228.0,0.0459,-9228.0,30.0,FALL
2016-04-14,2220.0,2190.0,2235.0,2165.0,337713.0,12599.0,-17394.0,4795.0,0.0464,4795.0,45.0,RISE
2016-04-12,2175.0,2155.0,2195.0,2150.0,180457.0,24376.0,-15435.0,-8941.0,0.0467,-8941.0,30.0,RISE
2016-04-11,2145.0,2155.0,2165.0,2145.0,97866.0,2523.0,-6750.0,4227.0,0.0487,4227.0,10.0,FALL
2016-04-08,2155.0,2140.0,2155.0,2115.0,127520.0,-5121.0,4944.0,177.0,0.0488,177.0,30.0,RISE
2016-04-07,2125.0,2105.0,2135.0,2105.0,182546.0,-10819.0,6991.0,3828.0,0.0487,3828.0,10.0,RISE
2016-04-06,2115.0,2110.0,2125.0,2100.0,185507.0,7384.0,-6086.0,-1298.0,0.049,-1298.0,10.0,FALL
2016-04-05,2125.0,2130.0,2130.0,2110.0,159585.0,48506.0,-48019.0,-487.0,0.049,-487.0,0.0,EVEN
2016-04-04,2125.0,2150.0,2150.0,2100.0,196463.0,-7550.0,7550.0,0.0,0.05,-6988.0,20.0,FALL
2016-04-01,2145.0,2135.0,2190.0,2125.0,157178.0,37578.0,-37578.0,0.0,0.05,33117.0,10.0,FALL
2016-03-31,2155.0,2090.0,2235.0,2085.0,757517.0,46217.0,-46217.0,0.0,0.05,35887.0,60.0,RISE
2016-03-30,2095.0,2080.0,2105.0,2080.0,110811.0,48.0,-48.0,0.0,0.052000000000000005,-7252.0,20.0,RISE
2016-03-29,2075.0,2075.0,2100.0,2070.0,195254.0,-45923.0,44204.0,1719.0,0.052000000000000005,1719.0,0.0,EVEN
2016-03-28,2075.0,2075.0,2105.0,2070.0,105185.0,-5644.0,5644.0,0.0,0.051,-5644.0,0.0,EVEN
2016-03-25,2075.0,2100.0,2110.0,2075.0,126589.0,16231.0,-16231.0,0.0,0.05,16231.0,20.0,FALL
2016-03-24,2095.0,2065.0,2115.0,2065.0,162340.0,16761.0,-16761.0,0.0,0.051,16611.0,10.0,RISE
2016-03-23,2085.0,2090.0,2115.0,2070.0,122416.0,15594.0,-15594.0,0.0,0.051,15604.0,5.0,RISE
2016-03-22,2080.0,2125.0,2125.0,2075.0,101840.0,24013.0,-24013.0,0.0,0.052000000000000005,24013.0,20.0,FALL
2016-03-21,2100.0,2110.0,2120.0,2080.0,79003.0,-88.0,59.0,29.0,0.052000000000000005,29.0,0.0,EVEN
2016-03-18,2100.0,2075.0,2105.0,2065.0,260245.0,-16325.0,16325.0,0.0,0.052000000000000005,-16375.0,35.0,RISE
2016-03-17,2065.0,2055.0,2080.0,2055.0,106896.0,-4529.0,4529.0,0.0,0.052000000000000005,-4770.0,5.0,RISE
2016-03-16,2060.0,2055.0,2070.0,2045.0,173302.0,-16705.0,16705.0,0.0,0.052000000000000005,-16705.0,5.0,RISE
2016-03-15,2055.0,2060.0,2070.0,2045.0,204113.0,16360.0,-16360.0,0.0,0.051,16360.0,20.0,FALL
2016-03-14,2075.0,2060.0,2080.0,2060.0,135135.0,18175.0,-18175.0,0.0,0.052000000000000005,22640.0,5.0,RISE
2016-03-11,2070.0,2090.0,2095.0,2055.0,163924.0,42148.0,-42148.0,0.0,0.052000000000000005,42148.0,20.0,FALL
2016-03-10,2090.0,2075.0,2100.0,2055.0,255708.0,46728.0,-46690.0,-38.0,0.053,-38.0,15.0,RISE
2016-03-09,2075.0,2030.0,2080.0,2030.0,169290.0,-40217.0,40217.0,0.0,0.054000000000000006,-40217.0,30.0,RISE
2016-03-08,2045.0,2030.0,2060.0,2025.0,190148.0,-13145.0,13099.0,46.0,0.053,46.0,5.0,RISE
2016-03-07,2040.0,2025.0,2065.0,2025.0,190504.0,-4067.0,4067.0,0.0,0.053,-4117.0,10.0,FALL
2016-03-04,2050.0,2030.0,2055.0,2025.0,131039.0,17377.0,-17183.0,-194.0,0.053,-194.0,10.0,RISE
2016-03-03,2040.0,2065.0,2080.0,2025.0,158245.0,34593.0,-34593.0,0.0,0.053,34533.0,10.0,FALL
2016-03-02,2050.0,2010.0,2070.0,2010.0,184129.0,-25104.0,25104.0,0.0,0.054000000000000006,-25134.0,45.0,RISE
2016-02-29,2005.0,2040.0,2040.0,2000.0,181834.0,4037.0,-4037.0,0.0,0.053,4007.0,15.0,FALL
2016-02-26,2020.0,1975.0,2040.0,1975.0,328103.0,6684.0,-6684.0,0.0,0.053,6644.0,45.0,RISE
2016-02-25,1975.0,1970.0,1990.0,1955.0,108380.0,-6565.0,6565.0,0.0,0.054000000000000006,-7565.0,20.0,RISE
2016-02-24,1955.0,1960.0,1990.0,1955.0,144842.0,-13923.0,13964.0,-41.0,0.053,-41.0,15.0,FALL
2016-02-23,1970.0,1960.0,1995.0,1955.0,186596.0,5192.0,-5192.0,0.0,0.053,4892.0,10.0,RISE
2016-02-22,1960.0,1970.0,1980.0,1950.0,113146.0,20993.0,-20993.0,0.0,0.053,20993.0,10.0,FALL
2016-02-19,1970.0,1945.0,1975.0,1935.0,233038.0,-19952.0,19952.0,0.0,0.054000000000000006,-19952.0,20.0,RISE
2016-02-18,1950.0,1920.0,1955.0,1910.0,250742.0,-30558.0,30558.0,0.0,0.053,-30558.0,40.0,RISE
2016-02-17,1910.0,1880.0,1920.0,1875.0,423266.0,-4219.0,2619.0,1600.0,0.052000000000000005,1600.0,40.0,RISE
2016-02-16,1870.0,1845.0,1905.0,1830.0,541134.0,-40269.0,45064.0,-4795.0,0.053,-4795.0,60.0,RISE
2016-02-15,1810.0,1795.0,1835.0,1745.0,703534.0,-106198.0,106198.0,0.0,0.052000000000000005,-106198.0,55.0,RISE
2016-02-12,1755.0,1930.0,1945.0,1640.0,1957574.0,-117312.0,117283.0,29.0,0.05,29.0,190.0,FALL
2016-02-11,1945.0,1990.0,2030.0,1935.0,1421869.0,-10482.0,10397.0,85.0,0.047,85.0,185.0,FALL
2016-02-05,2130.0,2095.0,2155.0,2090.0,263218.0,-46366.0,46389.0,-23.0,0.047,-23.0,35.0,RISE
2016-02-04,2095.0,2100.0,2110.0,2050.0,263373.0,-21158.0,21158.0,0.0,0.046,-21158.0,5.0,FALL
2016-02-03,2100.0,2140.0,2160.0,2020.0,323371.0,38568.0,-38575.0,7.0,0.045,7.0,35.0,FALL
2016-02-02,2135.0,2135.0,2140.0,2100.0,224636.0,19687.0,-19687.0,0.0,0.046,19687.0,0.0,EVEN
2016-02-01,2135.0,2150.0,2160.0,2125.0,78883.0,16112.0,-6302.0,-9810.0,0.046,-9810.0,5.0,RISE
2016-01-29,2130.0,2130.0,2140.0,2105.0,189859.0,9808.0,11.0,-9819.0,0.046,-9819.0,0.0,EVEN
2016-01-28,2130.0,2115.0,2130.0,2070.0,171092.0,-35325.0,35308.0,17.0,0.046,17.0,20.0,RISE
2016-01-27,2110.0,2110.0,2140.0,2095.0,128267.0,7116.0,12504.0,-19620.0,0.045,-19620.0,15.0,RISE
2016-01-26,2095.0,2140.0,2145.0,2075.0,262629.0,15950.0,-15950.0,0.0,0.045,15950.0,45.0,FALL
2016-01-25,2140.0,2130.0,2155.0,2125.0,145178.0,-30462.0,30462.0,0.0,0.045,-30462.0,25.0,RISE
2016-01-22,2115.0,2105.0,2130.0,2090.0,122968.0,-10231.0,10176.0,55.0,0.045,55.0,35.0,RISE
2016-01-21,2080.0,2075.0,2165.0,2075.0,320087.0,-13532.0,13528.0,4.0,0.044,4.0,5.0,FALL
2016-01-20,2085.0,2170.0,2190.0,2070.0,621917.0,4252.0,-4304.0,52.0,0.044,52.0,85.0,FALL
2016-01-19,2170.0,2210.0,2225.0,2165.0,244243.0,19837.0,-19837.0,0.0,0.043,19837.0,60.0,FALL
2016-01-18,2230.0,2175.0,2230.0,2165.0,145468.0,610.0,-721.0,111.0,0.043,111.0,30.0,RISE
2016-01-15,2200.0,2210.0,2235.0,2185.0,241454.0,8100.0,-8100.0,0.0,0.043,6100.0,0.0,EVEN
2016-01-14,2200.0,2230.0,2230.0,2170.0,182048.0,15274.0,-23901.0,8627.0,0.043,8627.0,40.0,FALL
2016-01-13,2240.0,2200.0,2255.0,2190.0,260317.0,-14771.0,14771.0,0.0,0.044,-14771.0,40.0,RISE
2016-01-12,2200.0,2170.0,2210.0,2170.0,161457.0,-1508.0,1506.0,2.0,0.044,2.0,15.0,RISE
2016-01-11,2185.0,2200.0,2235.0,2185.0,182818.0,2700.0,-4107.0,1407.0,0.044,1407.0,35.0,FALL
2016-01-08,2220.0,2215.0,2245.0,2135.0,712943.0,23448.0,-23448.0,0.0,0.044,23448.0,60.0,FALL
2016-01-07,2280.0,2285.0,2310.0,2225.0,629415.0,-1284.0,1283.0,1.0,0.044,1.0,20.0,FALL
2016-01-06,2300.0,2360.0,2360.0,2280.0,491283.0,685.0,-688.0,3.0,0.044,3.0,45.0,FALL
2016-01-05,2345.0,2310.0,2350.0,2275.0,289716.0,-63454.0,31162.0,32292.0,0.044,32292.0,40.0,RISE
2016-01-04,2305.0,2355.0,2375.0,2305.0,370650.0,-4606.0,4601.0,5.0,0.043,5.0,55.0,FALL
2015-12-30,2360.0,2360.0,2365.0,2320.0,237498.0,-17767.0,17754.0,13.0,0.043,13.0,0.0,EVEN
2015-12-29,2360.0,2355.0,2365.0,2335.0,153810.0,1608.0,-1468.0,-140.0,0.042,-140.0,5.0,RISE
2015-12-28,2355.0,2350.0,2360.0,2335.0,147359.0,22860.0,-22863.0,3.0,0.042,3.0,5.0,RISE
2015-12-24,2350.0,2340.0,2355.0,2315.0,261352.0,-13219.0,19757.0,-6538.0,0.045,-6538.0,15.0,RISE
2015-12-23,2335.0,2330.0,2365.0,2315.0,248063.0,-17980.0,24166.0,-6186.0,0.044,-6186.0,10.0,RISE
2015-12-22,2325.0,2340.0,2365.0,2320.0,154787.0,-393.0,392.0,1.0,0.044,1.0,25.0,FALL
2015-12-21,2350.0,2350.0,2360.0,2315.0,274623.0,-15904.0,15903.0,1.0,0.044,1.0,5.0,FALL
2015-12-18,2355.0,2315.0,2370.0,2300.0,181966.0,-37981.0,37980.0,1.0,0.043,1.0,25.0,RISE
2015-12-17,2330.0,2330.0,2370.0,2310.0,212315.0,-25425.0,25424.0,1.0,0.043,1.0,20.0,RISE
2015-12-16,2310.0,2310.0,2325.0,2290.0,212214.0,-44125.0,44127.0,-2.0,0.042,-2.0,45.0,RISE
2015-12-15,2265.0,2250.0,2300.0,2250.0,340560.0,-101106.0,101106.0,0.0,0.041,-101106.0,25.0,RISE
2015-12-14,2240.0,2340.0,2340.0,2240.0,957695.0,-75023.0,74883.0,140.0,0.039,140.0,155.0,FALL
2015-12-11,2395.0,2435.0,2450.0,2395.0,229533.0,-496.0,496.0,0.0,0.037000000000000005,-496.0,30.0,FALL
2015-12-10,2425.0,2410.0,2450.0,2390.0,224087.0,6822.0,-6862.0,40.0,0.037000000000000005,40.0,5.0,FALL
2015-12-09,2430.0,2440.0,2465.0,2425.0,234695.0,-895.0,5607.0,-4712.0,0.037000000000000005,-4712.0,10.0,FALL
2015-12-08,2440.0,2505.0,2510.0,2420.0,408084.0,45764.0,-40854.0,-4910.0,0.037000000000000005,-4910.0,60.0,FALL
2015-12-07,2500.0,2480.0,2510.0,2470.0,372325.0,49085.0,-46795.0,-2290.0,0.039,-2290.0,35.0,RISE
2015-12-04,2465.0,2450.0,2470.0,2425.0,214809.0,-19506.0,19506.0,0.0,0.04,-19516.0,5.0,FALL
2015-12-03,2470.0,2485.0,2485.0,2425.0,278949.0,-28514.0,28514.0,0.0,0.04,-27164.0,20.0,FALL
2015-12-02,2490.0,2515.0,2525.0,2470.0,266565.0,-2870.0,2870.0,0.0,0.039,-4380.0,15.0,FALL
2015-12-01,2505.0,2515.0,2530.0,2475.0,312111.0,-9184.0,9180.0,4.0,0.039,4.0,5.0,RISE
2015-11-30,2500.0,2475.0,2510.0,2440.0,254645.0,-39380.0,39440.0,-60.0,0.039,-60.0,25.0,RISE
2015-11-27,2475.0,2550.0,2555.0,2470.0,407465.0,-4105.0,4104.0,1.0,0.038,1.0,65.0,FALL
2015-11-26,2540.0,2560.0,2580.0,2520.0,552866.0,-47400.0,47419.0,-19.0,0.038,-19.0,20.0,FALL
2015-11-25,2560.0,2555.0,2580.0,2535.0,336117.0,-8398.0,8428.0,-30.0,0.037000000000000005,-30.0,5.0,FALL
2015-11-24,2565.0,2565.0,2595.0,2530.0,406458.0,12441.0,-12441.0,0.0,0.036000000000000004,12441.0,5.0,RISE
2015-11-23,2560.0,2615.0,2615.0,2550.0,893882.0,25241.0,-25286.0,45.0,0.037000000000000005,45.0,40.0,FALL
2015-11-20,2600.0,2510.0,2630.0,2465.0,1505326.0,27549.0,-27549.0,0.0,0.037000000000000005,48549.0,100.0,RISE
2015-11-19,2500.0,2480.0,2510.0,2465.0,384188.0,29244.0,-29330.0,86.0,0.038,86.0,25.0,RISE
2015-11-18,2475.0,2425.0,2510.0,2410.0,632325.0,4874.0,-4874.0,0.0,0.038,5265.0,35.0,RISE
2015-11-17,2440.0,2440.0,2455.0,2415.0,217481.0,-6815.0,6815.0,0.0,0.039,-6815.0,20.0,RISE
2015-11-16,2420.0,2415.0,2440.0,2400.0,388381.0,88645.0,-88645.0,0.0,0.038,88645.0,5.0,RISE
2015-11-13,2415.0,2360.0,2415.0,2340.0,217269.0,22053.0,-22053.0,0.0,0.04,22148.0,40.0,RISE
2015-11-12,2375.0,2365.0,2390.0,2345.0,124112.0,2249.0,-2249.0,0.0,0.041,2174.0,15.0,RISE
2015-11-11,2360.0,2375.0,2395.0,2355.0,157248.0,-386.0,386.0,0.0,0.041,-386.0,10.0,FALL
2015-11-10,2370.0,2405.0,2410.0,2325.0,461383.0,-30997.0,30997.0,0.0,0.041,-54615.0,45.0,FALL
2015-11-09,2415.0,2475.0,2500.0,2415.0,360385.0,-9065.0,9064.0,1.0,0.04,1.0,60.0,FALL
2015-11-06,2475.0,2550.0,2550.0,2445.0,403891.0,57653.0,-57653.0,0.0,0.04,57653.0,65.0,FALL
2015-11-05,2540.0,2490.0,2565.0,2485.0,300208.0,20570.0,-20570.0,0.0,0.042,20460.0,40.0,RISE
2015-11-04,2500.0,2485.0,2500.0,2450.0,221503.0,5966.0,-5966.0,0.0,0.042,5966.0,20.0,RISE
2015-11-03,2480.0,2480.0,2525.0,2475.0,224865.0,-23984.0,23984.0,0.0,0.042,-23984.0,10.0,FALL
2015-11-02,2490.0,2500.0,2520.0,2450.0,239915.0,-26832.0,26832.0,0.0,0.042,-21032.0,5.0,FALL
2015-10-30,2495.0,2570.0,2590.0,2495.0,411250.0,-7435.0,7484.0,-49.0,0.041,-49.0,75.0,FALL
2015-10-29,2570.0,2620.0,2620.0,2565.0,232995.0,12728.0,-12728.0,0.0,0.041,12728.0,30.0,FALL
2015-10-28,2600.0,2590.0,2635.0,2540.0,554452.0,47280.0,-47280.0,0.0,0.041,41480.0,10.0,RISE
2015-10-27,2590.0,2530.0,2625.0,2530.0,674391.0,-43655.0,43584.0,71.0,0.042,71.0,55.0,RISE
2015-10-26,2535.0,2500.0,2550.0,2500.0,249000.0,-20819.0,17219.0,3600.0,0.041,3600.0,30.0,RISE
2015-10-23,2505.0,2505.0,2570.0,2495.0,533387.0,-61307.0,52903.0,8404.0,0.041,8404.0,20.0,RISE
2015-10-22,2485.0,2525.0,2540.0,2455.0,442205.0,-37099.0,37094.0,5.0,0.04,-19836.0,40.0,FALL
2015-10-21,2525.0,2565.0,2595.0,2500.0,441211.0,-38566.0,38566.0,0.0,0.039,-19841.0,40.0,FALL
2015-10-20,2565.0,2555.0,2615.0,2550.0,700018.0,-50945.0,50945.0,0.0,0.038,-19841.0,5.0,FALL
2015-10-19,2570.0,2630.0,2630.0,2555.0,364577.0,-14039.0,14039.0,0.0,0.037000000000000005,-19841.0,10.0,FALL
2015-10-16,2580.0,2570.0,2600.0,2555.0,316144.0,-17247.0,17247.0,0.0,0.037000000000000005,-19841.0,10.0,FALL
2015-10-15,2590.0,2550.0,2665.0,2540.0,1206308.0,-23621.0,23621.0,0.0,0.036000000000000004,-19841.0,40.0,RISE
2015-10-14,2550.0,2530.0,2550.0,2470.0,610268.0,12008.0,-12058.0,50.0,0.036000000000000004,-19841.0,0.0,EVEN
2015-10-13,2550.0,2560.0,2560.0,2500.0,395054.0,-4114.0,3358.0,756.0,0.036000000000000004,-19891.0,5.0,RISE
2015-10-12,2545.0,2535.0,2580.0,2490.0,1001328.0,-65561.0,65561.0,0.0,0.036000000000000004,-20647.0,55.0,RISE
2015-10-08,2490.0,2475.0,2490.0,2455.0,366065.0,-4341.0,4378.0,-37.0,0.035,-20647.0,25.0,RISE
2015-10-07,2465.0,2480.0,2485.0,2450.0,275375.0,-13485.0,13485.0,0.0,0.035,-20610.0,10.0,FALL
2015-10-06,2475.0,2450.0,2505.0,2450.0,499264.0,-14.0,14.0,0.0,0.035,-20610.0,30.0,RISE
2015-10-05,2445.0,2465.0,2465.0,2420.0,301038.0,-2299.0,2295.0,4.0,0.035,-20610.0,25.0,RISE
2015-10-02,2420.0,2380.0,2450.0,2360.0,531964.0,5448.0,-5492.0,44.0,0.035,-20614.0,45.0,RISE
2015-10-01,2375.0,2335.0,2380.0,2330.0,179071.0,-37051.0,37040.0,11.0,0.035,-20658.0,45.0,RISE
2015-09-30,2330.0,2365.0,2365.0,2305.0,117074.0,12418.0,-12418.0,0.0,0.034,-20669.0,35.0,FALL
2015-09-25,2365.0,2350.0,2370.0,2300.0,251275.0,-28060.0,23969.0,4091.0,0.034,-20669.0,15.0,RISE
2015-09-24,2350.0,2360.0,2370.0,2315.0,177891.0,-2910.0,2910.0,0.0,0.033,-24760.0,5.0,RISE
2015-09-23,2345.0,2365.0,2385.0,2345.0,322239.0,-34018.0,34016.0,2.0,0.033,-24760.0,20.0,FALL
2015-09-22,2365.0,2390.0,2395.0,2355.0,158496.0,12220.0,-12770.0,550.0,0.033,-24762.0,15.0,FALL
2015-09-21,2380.0,2345.0,2395.0,2330.0,268687.0,-46409.0,46409.0,0.0,0.034,-25312.0,20.0,RISE
2015-09-18,2360.0,2345.0,2385.0,2340.0,238362.0,-13964.0,13964.0,0.0,0.033,-25312.0,25.0,RISE
2015-09-17,2335.0,2395.0,2400.0,2335.0,373277.0,393.0,-393.0,0.0,0.032,-25312.0,60.0,FALL
2015-09-16,2395.0,2385.0,2395.0,2355.0,353008.0,-28620.0,28620.0,0.0,0.032,-25312.0,15.0,RISE
2015-09-15,2380.0,2390.0,2425.0,2375.0,276203.0,-17028.0,17028.0,0.0,0.032,-25312.0,50.0,FALL
2015-09-14,2430.0,2420.0,2430.0,2370.0,335530.0,26518.0,-26518.0,0.0,0.031,-25312.0,20.0,RISE
2015-09-11,2410.0,2385.0,2415.0,2350.0,390177.0,-47092.0,47092.0,0.0,0.031,-25312.0,35.0,RISE
2015-09-10,2375.0,2365.0,2390.0,2350.0,275378.0,-33697.0,40862.0,-7165.0,0.03,-25312.0,5.0,RISE
2015-09-09,2370.0,2370.0,2390.0,2345.0,292570.0,0.0,0.0,0.0,0.029,-18147.0,20.0,RISE
2015-09-08,2350.0,2370.0,2435.0,2325.0,434525.0,-52134.0,52074.0,60.0,0.029,-18147.0,15.0,FALL
2015-09-07,2365.0,2430.0,2430.0,2350.0,300961.0,-46734.0,46734.0,0.0,0.028,-18207.0,50.0,FALL
2015-09-04,2415.0,2500.0,2520.0,2390.0,868611.0,62146.0,-61858.0,-288.0,0.027000000000000003,-18207.0,80.0,FALL
2015-09-03,2495.0,2445.0,2495.0,2420.0,698237.0,53862.0,-53905.0,43.0,0.028,-17919.0,50.0,RISE
2015-09-02,2445.0,2440.0,2470.0,2400.0,677989.0,12785.0,-10681.0,-2104.0,0.03,-17962.0,20.0,FALL
2015-09-01,2465.0,2405.0,2480.0,2390.0,953716.0,-89398.0,88936.0,462.0,0.031,-15858.0,65.0,RISE
2015-08-31,2400.0,2465.0,2495.0,2400.0,1178527.0,-6962.0,6962.0,0.0,0.029,-16320.0,10.0,RISE
2015-08-28,2390.0,2420.0,2435.0,2370.0,974356.0,-69320.0,69145.0,175.0,0.029,-16320.0,25.0,RISE
2015-08-27,2365.0,2355.0,2495.0,2340.0,2810329.0,87746.0,-87746.0,0.0,0.028,-16495.0,30.0,RISE
2015-08-26,2335.0,2300.0,2430.0,2275.0,2729635.0,56966.0,-56658.0,-308.0,0.03,-16495.0,60.0,RISE
2015-08-25,2275.0,2395.0,2430.0,2245.0,2100084.0,205554.0,-194395.0,-11159.0,0.031,-16187.0,45.0,FALL
2015-08-24,2320.0,2260.0,2445.0,2195.0,4519880.0,350269.0,-348230.0,-2039.0,0.034,-5028.0,210.0,RISE
2015-08-21,2110.0,2000.0,2120.0,2000.0,859149.0,87475.0,-87475.0,0.0,0.042,-2989.0,75.0,FALL
2015-08-20,2185.0,2160.0,2205.0,2145.0,288913.0,12488.0,-13888.0,1400.0,0.044,-2989.0,5.0,RISE
2015-08-19,2180.0,2255.0,2260.0,2115.0,690296.0,30026.0,-31266.0,1240.0,0.045,-4389.0,90.0,FALL
2015-08-18,2270.0,2315.0,2320.0,2265.0,285397.0,45040.0,-45220.0,180.0,0.045,-5629.0,45.0,FALL
2015-08-17,2315.0,2335.0,2350.0,2290.0,385976.0,42911.0,-42911.0,0.0,0.046,-5809.0,20.0,FALL
2015-08-13,2335.0,2255.0,2350.0,2255.0,234438.0,-1961.0,1961.0,0.0,0.047,-5809.0,65.0,RISE
2015-08-12,2270.0,2305.0,2345.0,2230.0,628718.0,13431.0,-13431.0,0.0,0.047,-5809.0,75.0,FALL
2015-08-11,2345.0,2340.0,2380.0,2335.0,489244.0,-75725.0,75725.0,0.0,0.048,-5809.0,5.0,RISE
2015-08-10,2340.0,2410.0,2420.0,2340.0,831455.0,-14767.0,14767.0,0.0,0.046,-5809.0,115.0,FALL
2015-08-07,2455.0,2500.0,2530.0,2455.0,603869.0,-24192.0,24192.0,0.0,0.046,-5809.0,55.0,FALL
2015-08-06,2510.0,2555.0,2555.0,2485.0,923400.0,-65640.0,65640.0,0.0,0.045,-5809.0,40.0,FALL
2015-08-05,2550.0,2600.0,2620.0,2490.0,1625920.0,22059.0,-22059.0,0.0,0.044,-5809.0,40.0,RISE
2015-08-04,2510.0,2450.0,2535.0,2435.0,985294.0,67939.0,-67939.0,0.0,0.044,-5809.0,100.0,RISE
2015-08-03,2410.0,2390.0,2410.0,2370.0,188224.0,-7691.0,7691.0,0.0,0.046,-5809.0,35.0,RISE
2015-07-31,2375.0,2375.0,2420.0,2370.0,202894.0,15242.0,-15242.0,0.0,0.046,-5809.0,20.0,FALL
2015-07-30,2395.0,2415.0,2445.0,2370.0,236797.0,-1487.0,1487.0,0.0,0.046,-5809.0,15.0,FALL
2015-07-29,2410.0,2460.0,2460.0,2410.0,196770.0,10259.0,-10259.0,0.0,0.046,-5809.0,45.0,FALL
2015-07-28,2455.0,2455.0,2470.0,2385.0,429799.0,-20247.0,20247.0,0.0,0.046,-5809.0,25.0,FALL
2015-07-27,2480.0,2500.0,2520.0,2480.0,360021.0,11613.0,-11613.0,0.0,0.046,-5809.0,25.0,FALL
2015-07-24,2505.0,2540.0,2545.0,2480.0,603521.0,30443.0,-30443.0,0.0,0.046,-5809.0,35.0,FALL
2015-07-23,2540.0,2505.0,2640.0,2505.0,924480.0,97691.0,-97691.0,0.0,0.047,-5809.0,10.0,RISE
2015-07-22,2530.0,2545.0,2545.0,2490.0,446998.0,-23557.0,23557.0,0.0,0.049,-5809.0,0.0,EVEN
2015-07-21,2530.0,2520.0,2550.0,2505.0,404673.0,-38433.0,38466.0,-33.0,0.049,-5809.0,5.0,RISE
2015-07-20,2525.0,2545.0,2545.0,2500.0,530879.0,-118495.0,118495.0,0.0,0.048,-5776.0,0.0,EVEN
2015-07-17,2525.0,2550.0,2570.0,2505.0,733811.0,6246.0,-6246.0,0.0,0.045,-5776.0,50.0,FALL
2015-07-16,2575.0,2495.0,2575.0,2465.0,963698.0,-59033.0,59033.0,0.0,0.045,-5776.0,80.0,RISE
2015-07-15,2495.0,2525.0,2530.0,2460.0,556064.0,-3893.0,3893.0,0.0,0.044,-5776.0,10.0,RISE
2015-07-14,2485.0,2515.0,2520.0,2455.0,651020.0,7114.0,-7114.0,0.0,0.044,-5776.0,35.0,RISE
2015-07-13,2450.0,2415.0,2475.0,2400.0,708490.0,-50527.0,50527.0,0.0,0.044,-5776.0,50.0,RISE
2015-07-10,2400.0,2425.0,2485.0,2385.0,1826635.0,-14884.0,15287.0,-403.0,0.043,-5776.0,20.0,RISE
2015-07-09,2380.0,2355.0,2390.0,2330.0,569331.0,41986.0,-41986.0,0.0,0.042,-5373.0,10.0,RISE
2015-07-08,2370.0,2360.0,2410.0,2350.0,413389.0,3611.0,-3611.0,0.0,0.043,-5373.0,15.0,RISE
2015-07-07,2355.0,2400.0,2415.0,2345.0,388939.0,19212.0,-19212.0,0.0,0.043,-5373.0,25.0,FALL
2015-07-06,2380.0,2365.0,2420.0,2360.0,411261.0,49148.0,-49148.0,0.0,0.044,-5373.0,10.0,FALL
2015-07-03,2390.0,2380.0,2395.0,2355.0,238461.0,3229.0,-3229.0,0.0,0.045,-5373.0,20.0,RISE
2015-07-02,2370.0,2360.0,2395.0,2360.0,236204.0,-619.0,619.0,0.0,0.045,-5373.0,0.0,EVEN
2015-07-01,2370.0,2330.0,2385.0,2320.0,324313.0,-51048.0,51216.0,-168.0,0.045,-5373.0,35.0,RISE
2015-06-30,2335.0,2335.0,2355.0,2280.0,251304.0,11689.0,-6360.0,-5329.0,0.044,-5205.0,15.0,RISE
2015-06-29,2320.0,2350.0,2365.0,2305.0,419893.0,11760.0,-10206.0,-1554.0,0.044,124.0,60.0,FALL
2015-06-26,2380.0,2360.0,2410.0,2345.0,508193.0,5638.0,-5438.0,-200.0,0.045,1678.0,10.0,RISE
2015-06-25,2370.0,2365.0,2380.0,2350.0,269947.0,-29879.0,29879.0,0.0,0.045,1878.0,0.0,EVEN
2015-06-24,2370.0,2355.0,2380.0,2355.0,255962.0,-49903.0,47655.0,2248.0,0.044,1878.0,15.0,RISE
2015-06-23,2355.0,2320.0,2365.0,2310.0,372913.0,-94597.0,94597.0,0.0,0.043,-370.0,40.0,RISE
2015-06-22,2315.0,2335.0,2365.0,2310.0,316324.0,39489.0,-42369.0,2880.0,0.041,-370.0,30.0,FALL
2015-06-19,2345.0,2350.0,2370.0,2325.0,229689.0,23194.0,-23194.0,0.0,0.042,-3250.0,5.0,FALL
2015-06-18,2350.0,2365.0,2370.0,2325.0,301359.0,30429.0,-30429.0,0.0,0.042,-3250.0,10.0,FALL
2015-06-17,2360.0,2365.0,2390.0,2325.0,328896.0,16652.0,-16632.0,-20.0,0.043,-3250.0,5.0,FALL
2015-06-16,2365.0,2360.0,2405.0,2305.0,495684.0,83953.0,-84203.0,250.0,0.043,-3230.0,15.0,FALL
2015-06-15,2380.0,2300.0,2400.0,2275.0,450705.0,27584.0,-30456.0,2872.0,0.045,-3480.0,80.0,RISE
2015-06-12,2300.0,2310.0,2335.0,2285.0,254752.0,29874.0,-29874.0,0.0,0.046,-6352.0,30.0,FALL
2015-06-11,2330.0,2345.0,2360.0,2310.0,374773.0,49878.0,-49154.0,-724.0,0.047,-6352.0,15.0,FALL
2015-06-10,2345.0,2330.0,2350.0,2320.0,258728.0,-13634.0,12334.0,1300.0,0.048,-5628.0,25.0,RISE
2015-06-09,2320.0,2310.0,2345.0,2300.0,282092.0,-18998.0,19028.0,-30.0,0.048,-6928.0,10.0,RISE
2015-06-08,2310.0,2285.0,2315.0,2265.0,382017.0,-43649.0,41100.0,2549.0,0.048,-6898.0,15.0,RISE
2015-06-05,2295.0,2295.0,2320.0,2270.0,395679.0,1540.0,-1540.0,0.0,0.047,-9447.0,25.0,FALL
2015-06-04,2320.0,2330.0,2335.0,2295.0,310367.0,3792.0,-3792.0,0.0,0.047,-9447.0,10.0,FALL
2015-06-03,2330.0,2310.0,2340.0,2280.0,413431.0,-23235.0,23235.0,0.0,0.048,-9447.0,10.0,RISE
2015-06-02,2320.0,2370.0,2380.0,2300.0,651371.0,-9150.0,9150.0,0.0,0.047,-9447.0,55.0,FALL
2015-06-01,2375.0,2415.0,2425.0,2370.0,407896.0,12830.0,-12805.0,-25.0,0.047,-9447.0,40.0,FALL
2015-05-29,2415.0,2420.0,2440.0,2400.0,435309.0,-7651.0,7651.0,0.0,0.047,-9422.0,15.0,FALL
2015-05-28,2430.0,2400.0,2435.0,2380.0,376605.0,-8514.0,8490.0,24.0,0.047,-9422.0,35.0,RISE
2015-05-27,2395.0,2390.0,2405.0,2360.0,285565.0,-4674.0,4714.0,-40.0,0.047,-9446.0,5.0,RISE
2015-05-26,2390.0,2415.0,2465.0,2385.0,417434.0,-3011.0,3011.0,0.0,0.047,-9406.0,25.0,FALL
2015-05-22,2415.0,2390.0,2425.0,2380.0,338616.0,-27626.0,27626.0,0.0,0.047,-9406.0,30.0,RISE
2015-05-21,2385.0,2410.0,2425.0,2370.0,541121.0,-30134.0,30134.0,0.0,0.046,-9406.0,40.0,FALL
2015-05-20,2425.0,2505.0,2545.0,2415.0,815861.0,42522.0,-42522.0,0.0,0.045,-9406.0,40.0,FALL
2015-05-19,2465.0,2420.0,2470.0,2410.0,263957.0,-46378.0,46840.0,-462.0,0.046,-9406.0,35.0,RISE
2015-05-18,2430.0,2465.0,2475.0,2400.0,615028.0,11390.0,-11390.0,0.0,0.044,-8944.0,45.0,FALL
2015-05-15,2475.0,2480.0,2500.0,2455.0,289754.0,-10167.0,10167.0,0.0,0.045,-8944.0,5.0,FALL
2015-05-14,2480.0,2505.0,2515.0,2465.0,512794.0,-48634.0,48634.0,0.0,0.045,-8944.0,25.0,FALL
2015-05-13,2505.0,2510.0,2530.0,2495.0,354361.0,-42293.0,42293.0,0.0,0.043,-8944.0,15.0,FALL
2015-05-12,2520.0,2530.0,2550.0,2500.0,320661.0,-22397.0,22397.0,0.0,0.042,-8944.0,15.0,FALL
2015-05-11,2535.0,2540.0,2550.0,2510.0,383923.0,-2606.0,2606.0,0.0,0.042,-8944.0,0.0,EVEN
2015-05-08,2535.0,2505.0,2550.0,2495.0,538283.0,-55893.0,55493.0,400.0,0.042,-8944.0,45.0,RISE
2015-05-07,2490.0,2475.0,2500.0,2425.0,405371.0,3419.0,-3819.0,400.0,0.041,-9344.0,5.0,RISE
2015-05-06,2485.0,2525.0,2535.0,2450.0,737241.0,21534.0,-21534.0,0.0,0.041,-9744.0,35.0,FALL
2015-05-04,2520.0,2560.0,2570.0,2490.0,718469.0,58271.0,-58271.0,0.0,0.041,-9744.0,65.0,FALL
2015-04-30,2585.0,2610.0,2610.0,2545.0,868916.0,10315.0,-10315.0,0.0,0.043,-9744.0,20.0,FALL
2015-04-29,2605.0,2665.0,2690.0,2560.0,819340.0,-48371.0,48371.0,0.0,0.042,-9744.0,50.0,FALL
2015-04-28,2655.0,2620.0,2720.0,2590.0,2476085.0,148984.0,-148984.0,0.0,0.041,-9744.0,55.0,RISE
2015-04-27,2600.0,2610.0,2625.0,2580.0,612398.0,-18672.0,18672.0,0.0,0.045,-9744.0,10.0,RISE
2015-04-24,2590.0,2540.0,2605.0,2530.0,955212.0,128696.0,-128636.0,-60.0,0.044,-9744.0,60.0,RISE
2015-04-23,2530.0,2550.0,2600.0,2500.0,960932.0,21306.0,-21306.0,0.0,0.047,-9684.0,45.0,FALL
2015-04-22,2575.0,2640.0,2690.0,2400.0,1110532.0,77180.0,-77180.0,0.0,0.048,-9684.0,65.0,FALL
2015-04-21,2640.0,2610.0,2640.0,2570.0,655875.0,-20608.0,20540.0,68.0,0.05,-9684.0,30.0,RISE
2015-04-20,2610.0,2610.0,2610.0,2570.0,641219.0,52807.0,-52807.0,0.0,0.049,-9752.0,30.0,FALL
2015-04-17,2640.0,2635.0,2650.0,2590.0,709908.0,44297.0,-44297.0,0.0,0.051,-9752.0,10.0,RISE
2015-04-16,2630.0,2575.0,2665.0,2565.0,1506309.0,-65864.0,65864.0,0.0,0.052000000000000005,-9752.0,65.0,RISE
2015-04-15,2565.0,2540.0,2585.0,2535.0,770169.0,-82174.0,82174.0,0.0,0.05,-9752.0,40.0,RISE
2015-04-14,2525.0,2540.0,2565.0,2500.0,810483.0,-67097.0,67097.0,0.0,0.048,-9752.0,25.0,FALL
2015-04-13,2550.0,2570.0,2570.0,2510.0,937393.0,-73558.0,73558.0,0.0,0.047,-9752.0,15.0,FALL
2015-04-10,2565.0,2560.0,2645.0,2550.0,1301265.0,-9001.0,9001.0,0.0,0.046,-9752.0,5.0,RISE
2015-04-09,2560.0,2555.0,2575.0,2540.0,607208.0,-73957.0,73957.0,0.0,0.045,-9752.0,10.0,RISE
2015-04-08,2550.0,2565.0,2600.0,2545.0,854098.0,-59656.0,59656.0,0.0,0.044,-9752.0,25.0,FALL
2015-04-07,2575.0,2550.0,2575.0,2530.0,845344.0,22520.0,-22520.0,0.0,0.042,-9752.0,25.0,RISE
2015-04-06,2550.0,2495.0,2555.0,2490.0,1088334.0,-90678.0,90678.0,0.0,0.043,-9752.0,55.0,RISE
2015-04-03,2495.0,2505.0,2520.0,2465.0,645289.0,-64087.0,64087.0,0.0,0.04,-9752.0,0.0,EVEN
2015-04-02,2495.0,2520.0,2545.0,2485.0,804167.0,-8169.0,8169.0,0.0,0.039,-9752.0,15.0,FALL
2015-04-01,2510.0,2500.0,2520.0,2480.0,475487.0,-1238.0,1238.0,0.0,0.039,-9752.0,10.0,RISE
2015-03-31,2500.0,2475.0,2505.0,2450.0,604435.0,-74293.0,74293.0,0.0,0.039,-9752.0,40.0,RISE
2015-03-30,2460.0,2440.0,2465.0,2410.0,584041.0,-83577.0,83577.0,0.0,0.037000000000000005,-9752.0,10.0,RISE
2015-03-27,2450.0,2560.0,2565.0,2430.0,1291780.0,57071.0,-57071.0,0.0,0.035,-9752.0,50.0,FALL
2015-03-26,2500.0,2470.0,2535.0,2460.0,1235250.0,-9146.0,9151.0,-5.0,0.036000000000000004,-9752.0,25.0,RISE
2015-03-25,2475.0,2490.0,2510.0,2455.0,759918.0,-8469.0,8469.0,0.0,0.036000000000000004,-9747.0,10.0,FALL
2015-03-24,2485.0,2425.0,2500.0,2415.0,1907209.0,-155856.0,155856.0,0.0,0.036000000000000004,-9747.0,70.0,RISE
2015-03-23,2415.0,2410.0,2435.0,2405.0,744219.0,-19013.0,19013.0,0.0,0.032,-9747.0,5.0,FALL
2015-03-20,2420.0,2435.0,2435.0,2400.0,470816.0,10781.0,-10781.0,0.0,0.032,-9747.0,10.0,FALL
2015-03-19,2430.0,2410.0,2435.0,2390.0,779694.0,19324.0,-19324.0,0.0,0.032,-9747.0,25.0,RISE
2015-03-18,2405.0,2370.0,2415.0,2370.0,687927.0,19868.0,-19868.0,0.0,0.033,-9747.0,30.0,RISE
2015-03-17,2375.0,2370.0,2380.0,2355.0,423985.0,-5960.0,5960.0,0.0,0.033,-9747.0,5.0,RISE
2015-03-16,2370.0,2390.0,2395.0,2365.0,418093.0,21585.0,-21585.0,0.0,0.033,-9747.0,20.0,FALL
2015-03-13,2390.0,2390.0,2405.0,2375.0,300150.0,13147.0,-13018.0,-129.0,0.033,-9747.0,5.0,RISE
2015-03-12,2385.0,2360.0,2390.0,2360.0,331003.0,-36071.0,36568.0,-497.0,0.034,-9618.0,20.0,RISE
2015-03-11,2365.0,2355.0,2370.0,2345.0,283030.0,-10946.0,10946.0,0.0,0.033,-9121.0,10.0,FALL
2015-03-10,2375.0,2400.0,2410.0,2345.0,602015.0,33159.0,-33159.0,0.0,0.033,-9121.0,10.0,FALL
2015-03-09,2385.0,2415.0,2415.0,2375.0,446780.0,33898.0,-33274.0,-624.0,0.033,-9121.0,30.0,FALL
2015-03-06,2415.0,2420.0,2440.0,2390.0,466752.0,29881.0,-30505.0,624.0,0.034,-8497.0,15.0,RISE
2015-03-05,2400.0,2410.0,2430.0,2395.0,579303.0,-2939.0,2939.0,0.0,0.035,-9121.0,5.0,FALL
2015-03-04,2405.0,2405.0,2425.0,2380.0,852452.0,-54179.0,54179.0,0.0,0.035,-9121.0,5.0,RISE
2015-03-03,2400.0,2345.0,2400.0,2340.0,1104305.0,-57584.0,57584.0,0.0,0.034,-9121.0,55.0,RISE
2015-03-02,2345.0,2385.0,2390.0,2335.0,1096250.0,-31607.0,31480.0,127.0,0.032,-9121.0,60.0,FALL
2015-02-27,2405.0,2395.0,2450.0,2395.0,718978.0,4314.0,-4314.0,0.0,0.031,-9248.0,15.0,RISE
2015-02-26,2390.0,2405.0,2425.0,2375.0,397926.0,31671.0,-31671.0,0.0,0.031,-9248.0,0.0,EVEN
2015-02-25,2390.0,2455.0,2455.0,2390.0,716095.0,27309.0,-27309.0,0.0,0.032,-9248.0,50.0,FALL
2015-02-24,2440.0,2380.0,2445.0,2370.0,978130.0,-57097.0,57097.0,0.0,0.033,-9248.0,60.0,RISE
2015-02-23,2380.0,2370.0,2400.0,2350.0,594372.0,-29084.0,29084.0,0.0,0.031,-9248.0,5.0,RISE
2015-02-17,2375.0,2340.0,2380.0,2320.0,426764.0,-5052.0,5052.0,0.0,0.031,-9248.0,50.0,RISE
2015-02-16,2325.0,2335.0,2355.0,2315.0,379628.0,-6460.0,6689.0,-229.0,0.03,-9248.0,10.0,FALL
2015-02-13,2335.0,2325.0,2350.0,2315.0,243348.0,-1348.0,1520.0,-172.0,0.03,-9019.0,0.0,EVEN
2015-02-12,2335.0,2325.0,2340.0,2315.0,308259.0,-1620.0,1620.0,0.0,0.03,-8847.0,5.0,RISE
2015-02-11,2330.0,2350.0,2360.0,2325.0,463206.0,13454.0,-13454.0,0.0,0.03,-8847.0,15.0,FALL
2015-02-10,2345.0,2355.0,2370.0,2335.0,265298.0,7305.0,-7305.0,0.0,0.031,-8847.0,10.0,FALL
2015-02-09,2355.0,2370.0,2395.0,2355.0,557405.0,-6747.0,6747.0,0.0,0.03,-8847.0,5.0,FALL
2015-02-06,2360.0,2350.0,2385.0,2335.0,501889.0,-29954.0,29954.0,0.0,0.03,-8847.0,5.0,RISE
2015-02-05,2355.0,2370.0,2390.0,2345.0,288871.0,-259.0,259.0,0.0,0.029,-8847.0,15.0,FALL
2015-02-04,2370.0,2370.0,2380.0,2345.0,524267.0,-3572.0,3572.0,0.0,0.029,-8847.0,15.0,RISE
2015-02-03,2355.0,2375.0,2395.0,2350.0,465259.0,27157.0,-27157.0,0.0,0.029,-8847.0,0.0,EVEN
2015-02-02,2355.0,2360.0,2375.0,2330.0,449324.0,4099.0,-4099.0,0.0,0.03,-8847.0,30.0,FALL
2015-01-30,2385.0,2345.0,2400.0,2330.0,672289.0,-10496.0,10496.0,0.0,0.03,-8847.0,45.0,RISE
2015-01-29,2340.0,2360.0,2375.0,2330.0,391726.0,10881.0,-10881.0,0.0,0.03,-8847.0,15.0,FALL
2015-01-28,2355.0,2305.0,2375.0,2305.0,531210.0,24642.0,-24642.0,0.0,0.03,-8847.0,50.0,RISE
2015-01-27,2305.0,2350.0,2355.0,2305.0,718171.0,15968.0,-15968.0,0.0,0.03,-8847.0,40.0,FALL
2015-01-26,2345.0,2410.0,2410.0,2335.0,1052460.0,-22296.0,22296.0,0.0,0.03,-8847.0,65.0,FALL
2015-01-23,2410.0,2415.0,2590.0,2405.0,3621745.0,158899.0,-158899.0,0.0,0.03,-8847.0,30.0,RISE
2015-01-22,2380.0,2375.0,2385.0,2325.0,681800.0,31505.0,-31505.0,0.0,0.032,-8847.0,20.0,RISE
2015-01-21,2360.0,2355.0,2380.0,2340.0,636401.0,-16231.0,16231.0,0.0,0.033,-8847.0,35.0,RISE
2015-01-20,2325.0,2340.0,2375.0,2305.0,470401.0,-36815.0,36815.0,0.0,0.033,-8847.0,15.0,FALL
2015-01-19,2340.0,2325.0,2365.0,2300.0,477539.0,8854.0,-8854.0,0.0,0.032,-8847.0,50.0,RISE
2015-01-16,2290.0,2320.0,2350.0,2280.0,469217.0,-30530.0,30530.0,0.0,0.032,-8847.0,35.0,FALL
2015-01-15,2325.0,2325.0,2360.0,2320.0,366903.0,-20996.0,20996.0,0.0,0.031,-8847.0,15.0,FALL
2015-01-14,2340.0,2330.0,2355.0,2315.0,242591.0,-46765.0,46765.0,0.0,0.031,-8847.0,20.0,RISE
2015-01-13,2320.0,2335.0,2355.0,2310.0,346248.0,-45743.0,45743.0,0.0,0.03,-8847.0,5.0,RISE
2015-01-12,2315.0,2435.0,2435.0,2315.0,1300447.0,-87358.0,87358.0,0.0,0.029,-8847.0,125.0,FALL
2015-01-09,2440.0,2450.0,2455.0,2400.0,388472.0,-13376.0,13376.0,0.0,0.027000000000000003,-8847.0,0.0,EVEN
2015-01-08,2440.0,2395.0,2440.0,2360.0,698406.0,-31833.0,31872.0,-39.0,0.027000000000000003,-8847.0,30.0,RISE
2015-01-07,2410.0,2330.0,2410.0,2330.0,457656.0,2957.0,-2957.0,0.0,0.026,-8808.0,40.0,RISE
2015-01-06,2370.0,2385.0,2390.0,2340.0,519701.0,21607.0,-21607.0,0.0,0.026,-8808.0,20.0,FALL
2015-01-05,2390.0,2300.0,2405.0,2295.0,935594.0,-62379.0,62379.0,0.0,0.027000000000000003,-8808.0,40.0,RISE
2015-01-02,2350.0,2450.0,2480.0,2350.0,2269228.0,91000.0,-91000.0,0.0,0.025,-8808.0,55.0,RISE
2014-12-30,2295.0,2285.0,2300.0,2260.0,387855.0,-10915.0,10915.0,0.0,0.028,-8808.0,35.0,RISE
2014-12-29,2260.0,2210.0,2300.0,2210.0,616410.0,-14537.0,14537.0,0.0,0.027000000000000003,-8808.0,50.0,RISE
2014-12-26,2210.0,2205.0,2235.0,2200.0,291920.0,-31109.0,31109.0,0.0,0.028,-8808.0,30.0,RISE
2014-12-24,2180.0,2180.0,2200.0,2180.0,154630.0,319.0,-319.0,0.0,0.027000000000000003,-8808.0,0.0,EVEN
2014-12-23,2180.0,2200.0,2205.0,2165.0,203797.0,8902.0,-8787.0,-115.0,0.027000000000000003,-8808.0,25.0,FALL
2014-12-22,2205.0,2215.0,2240.0,2200.0,215832.0,6353.0,-6353.0,0.0,0.028,-8693.0,10.0,FALL
2014-12-19,2215.0,2200.0,2220.0,2190.0,295091.0,11794.0,-11708.0,-86.0,0.028,-8693.0,15.0,RISE
2014-12-18,2200.0,2230.0,2250.0,2140.0,441851.0,20268.0,-20268.0,0.0,0.03,-8607.0,30.0,FALL
2014-12-17,2230.0,2265.0,2280.0,2230.0,216079.0,24623.0,-24623.0,0.0,0.03,-8607.0,30.0,FALL
2014-12-16,2260.0,2250.0,2265.0,2235.0,173936.0,-3840.0,3840.0,0.0,0.031,-8607.0,10.0,RISE
2014-12-15,2250.0,2260.0,2265.0,2230.0,184936.0,-3019.0,3021.0,-2.0,0.03,-8607.0,10.0,FALL
2014-12-11,2255.0,2215.0,2265.0,2215.0,187472.0,-2669.0,2909.0,-240.0,0.031,-8605.0,15.0,RISE
2014-12-10,2240.0,2275.0,2285.0,2240.0,314214.0,24289.0,-24289.0,0.0,0.031,-8365.0,45.0,FALL
2014-12-09,2285.0,2300.0,2300.0,2270.0,301074.0,34651.0,-34651.0,0.0,0.031,-8365.0,15.0,FALL
2014-12-08,2300.0,2275.0,2310.0,2260.0,1172527.0,-52704.0,52704.0,0.0,0.032,-8365.0,55.0,RISE
2014-12-05,2245.0,2255.0,2270.0,2225.0,251091.0,9850.0,-9850.0,0.0,0.031,-8365.0,5.0,RISE
2014-12-04,2240.0,2235.0,2285.0,2230.0,721936.0,10117.0,-10117.0,0.0,0.031,-8365.0,30.0,RISE
2014-12-03,2210.0,2210.0,2220.0,2190.0,218853.0,-11880.0,11880.0,0.0,0.032,-8365.0,0.0,EVEN
2014-12-02,2210.0,2250.0,2250.0,2210.0,227919.0,-12076.0,12076.0,0.0,0.031,-8365.0,20.0,FALL
2014-12-01,2230.0,2225.0,2265.0,2200.0,361983.0,-15004.0,15004.0,0.0,0.031,-8365.0,5.0,RISE
2014-11-28,2225.0,2200.0,2225.0,2195.0,256438.0,-26491.0,26491.0,0.0,0.031,-8365.0,30.0,RISE
2014-11-27,2195.0,2200.0,2225.0,2195.0,233715.0,416.0,-416.0,0.0,0.03,-8365.0,10.0,FALL
2014-11-26,2205.0,2245.0,2245.0,2200.0,328694.0,-11619.0,11619.0,0.0,0.03,-8365.0,30.0,FALL
2014-11-25,2235.0,2245.0,2255.0,2225.0,232260.0,-2471.0,2471.0,0.0,0.03,-8365.0,10.0,FALL
2014-11-24,2245.0,2275.0,2275.0,2235.0,254297.0,7750.0,-7750.0,0.0,0.03,-8365.0,30.0,FALL
2014-11-21,2275.0,2260.0,2280.0,2250.0,146802.0,-18764.0,18764.0,0.0,0.029,-8365.0,35.0,RISE
2014-11-20,2240.0,2265.0,2270.0,2230.0,269612.0,14592.0,-14592.0,0.0,0.029,-8365.0,30.0,FALL
2014-11-19,2270.0,2280.0,2285.0,2260.0,249893.0,-24747.0,24747.0,0.0,0.029,-8365.0,5.0,RISE
2014-11-18,2265.0,2270.0,2285.0,2255.0,211306.0,23283.0,-23283.0,0.0,0.028,-8365.0,0.0,EVEN
2014-11-17,2265.0,2250.0,2285.0,2245.0,285425.0,-15281.0,15281.0,0.0,0.029,-8365.0,15.0,RISE
2014-11-14,2250.0,2315.0,2315.0,2250.0,511435.0,-18882.0,18882.0,0.0,0.03,-8365.0,55.0,FALL
2014-11-13,2305.0,2305.0,2315.0,2265.0,349563.0,-57763.0,57763.0,0.0,0.03,-8365.0,5.0,FALL
2014-11-12,2310.0,2315.0,2330.0,2295.0,361521.0,-45920.0,45920.0,0.0,0.029,-8365.0,5.0,FALL
2014-11-11,2315.0,2270.0,2315.0,2250.0,454386.0,-28406.0,28406.0,0.0,0.028,-8365.0,30.0,RISE
2014-11-10,2285.0,2275.0,2295.0,2260.0,352365.0,46153.0,-46153.0,0.0,0.025,-8365.0,30.0,RISE
2014-11-07,2255.0,2215.0,2255.0,2215.0,284837.0,-28753.0,28774.0,-21.0,0.026,-8365.0,25.0,RISE
2014-11-06,2230.0,2210.0,2230.0,2150.0,512910.0,-40030.0,40030.0,0.0,0.025,-8344.0,30.0,RISE
2014-11-05,2200.0,2240.0,2275.0,2190.0,559694.0,-57812.0,57812.0,0.0,0.025,-8344.0,60.0,FALL
2014-11-04,2260.0,2300.0,2310.0,2245.0,488714.0,-808.0,808.0,0.0,0.024,-8344.0,40.0,FALL
2014-11-03,2300.0,2340.0,2350.0,2270.0,1001021.0,38407.0,-38407.0,0.0,0.024,-8344.0,95.0,FALL
2014-10-31,2395.0,2385.0,2440.0,2380.0,655539.0,-59074.0,59074.0,0.0,0.024,-8344.0,20.0,RISE
2014-10-30,2375.0,2355.0,2420.0,2355.0,451905.0,-60833.0,60833.0,0.0,0.023,-8344.0,0.0,EVEN
2014-10-29,2375.0,2460.0,2505.0,2365.0,1427772.0,-3966.0,3966.0,0.0,0.022,-8344.0,90.0,FALL
2014-10-28,2465.0,2400.0,2485.0,2400.0,987602.0,-54032.0,54032.0,0.0,0.022,-8344.0,65.0,RISE
2014-10-27,2400.0,2375.0,2675.0,2365.0,3947873.0,134653.0,-134653.0,0.0,0.023,-8344.0,15.0,RISE
2014-10-24,2385.0,2400.0,2420.0,2355.0,485493.0,-1246.0,1246.0,0.0,0.027000000000000003,-8344.0,10.0,FALL
2014-10-23,2395.0,2360.0,2450.0,2350.0,1172193.0,-22806.0,22806.0,0.0,0.027000000000000003,-8344.0,50.0,RISE
2014-10-22,2345.0,2370.0,2380.0,2325.0,368744.0,23490.0,-23525.0,35.0,0.026,-8344.0,0.0,EVEN
2014-10-21,2345.0,2300.0,2350.0,2295.0,499646.0,-2930.0,2859.0,71.0,0.027000000000000003,-8379.0,20.0,RISE
2014-10-20,2325.0,2300.0,2325.0,2285.0,355393.0,-12244.0,12244.0,0.0,0.027000000000000003,-8450.0,30.0,RISE
2014-10-17,2295.0,2290.0,2320.0,2275.0,445601.0,-77838.0,77838.0,0.0,0.027000000000000003,-8450.0,5.0,RISE
2014-10-16,2290.0,2355.0,2355.0,2285.0,680174.0,57269.0,-57269.0,0.0,0.025,-8450.0,75.0,FALL
2014-10-15,2365.0,2315.0,2365.0,2310.0,661549.0,2260.0,-2260.0,0.0,0.026,-8450.0,70.0,RISE
2014-10-14,2295.0,2270.0,2350.0,2270.0,798048.0,47703.0,-47703.0,0.0,0.026,-8450.0,10.0,RISE
2014-10-13,2285.0,2235.0,2320.0,2205.0,895860.0,37110.0,-37110.0,0.0,0.027000000000000003,-8450.0,35.0,RISE
2014-10-10,2250.0,2245.0,2280.0,2220.0,1035310.0,-41521.0,45671.0,-4150.0,0.028,-8450.0,55.0,FALL
2014-10-08,2305.0,2325.0,2355.0,2295.0,641187.0,-43457.0,43457.0,0.0,0.027000000000000003,-4300.0,20.0,FALL
2014-10-07,2325.0,2410.0,2455.0,2325.0,2897677.0,60336.0,-60336.0,0.0,0.026,-4300.0,180.0,FALL
2014-10-06,2505.0,2475.0,2505.0,2415.0,4908832.0,15473.0,-15473.0,0.0,0.027000000000000003,-4300.0,325.0,UPPER_LIMIT
2014-10-02,2180.0,2160.0,2210.0,2160.0,417188.0,-43695.0,43695.0,0.0,0.028,-4300.0,25.0,FALL
2014-10-01,2205.0,2295.0,2295.0,2185.0,553461.0,1071.0,-1071.0,0.0,0.027000000000000003,-4300.0,80.0,FALL
2014-09-30,2285.0,2275.0,2310.0,2270.0,278592.0,-26941.0,26941.0,0.0,0.027000000000000003,-4300.0,0.0,EVEN
2014-09-29,2285.0,2365.0,2365.0,2280.0,916606.0,36646.0,-36646.0,0.0,0.026,-4300.0,75.0,FALL
2014-09-26,2360.0,2330.0,2365.0,2330.0,266394.0,-25294.0,25294.0,0.0,0.027000000000000003,-4300.0,5.0,RISE
2014-09-25,2355.0,2375.0,2390.0,2355.0,301457.0,-24343.0,24343.0,0.0,0.027000000000000003,-4300.0,15.0,FALL
2014-09-24,2370.0,2380.0,2380.0,2355.0,302095.0,-45145.0,45145.0,0.0,0.026,-4300.0,10.0,FALL
2014-09-23,2380.0,2405.0,2420.0,2360.0,508393.0,16954.0,-16954.0,0.0,0.025,-4300.0,40.0,FALL
2014-09-22,2420.0,2425.0,2445.0,2405.0,371010.0,9615.0,-9615.0,0.0,0.025,-4300.0,15.0,FALL
2014-09-19,2435.0,2395.0,2460.0,2390.0,680443.0,-18279.0,29691.0,-11412.0,0.026,-4300.0,50.0,RISE
2014-09-18,2385.0,2410.0,2415.0,2375.0,245519.0,-20858.0,20858.0,0.0,0.025,7112.0,10.0,FALL
2014-09-17,2395.0,2400.0,2415.0,2375.0,285264.0,-14493.0,14493.0,0.0,0.024,7112.0,5.0,RISE
2014-09-16,2390.0,2370.0,2400.0,2365.0,299442.0,-42155.0,42157.0,-2.0,0.024,7112.0,20.0,RISE
2014-09-15,2370.0,2400.0,2410.0,2355.0,315922.0,-5695.0,5695.0,0.0,0.023,7114.0,35.0,FALL
2014-09-12,2405.0,2420.0,2430.0,2385.0,305804.0,26846.0,-26830.0,-16.0,0.023,7114.0,15.0,FALL
2014-09-11,2420.0,2410.0,2440.0,2395.0,202798.0,-5865.0,5528.0,337.0,0.023,7130.0,10.0,RISE
2014-09-05,2410.0,2400.0,2415.0,2360.0,389008.0,-60665.0,56515.0,4150.0,0.023,6793.0,10.0,RISE
2014-09-04,2400.0,2445.0,2450.0,2390.0,340845.0,39971.0,-39971.0,0.0,0.022,2643.0,50.0,FALL
2014-09-03,2450.0,2400.0,2450.0,2375.0,333571.0,5071.0,-5071.0,0.0,0.022,2643.0,50.0,RISE
2014-09-02,2400.0,2415.0,2420.0,2370.0,345277.0,-14500.0,14500.0,0.0,0.023,2643.0,20.0,FALL
2014-09-01,2420.0,2460.0,2470.0,2400.0,505640.0,20931.0,-20819.0,-112.0,0.022,2643.0,30.0,FALL
2014-08-29,2450.0,2490.0,2490.0,2445.0,497583.0,31823.0,-31823.0,0.0,0.023,2755.0,50.0,FALL
2014-08-28,2500.0,2460.0,2530.0,2450.0,1031021.0,-8865.0,8865.0,0.0,0.023,2755.0,50.0,RISE
2014-08-27,2450.0,2425.0,2450.0,2415.0,273929.0,-32944.0,32944.0,0.0,0.024,2755.0,25.0,RISE
2014-08-26,2425.0,2435.0,2445.0,2415.0,270057.0,-18622.0,18161.0,461.0,0.023,2755.0,10.0,FALL
2014-08-25,2435.0,2460.0,2460.0,2425.0,360814.0,6635.0,-6635.0,0.0,0.023,2294.0,20.0,FALL
2014-08-22,2455.0,2445.0,2485.0,2435.0,611517.0,-2438.0,2438.0,0.0,0.023,2294.0,25.0,RISE
2014-08-21,2430.0,2445.0,2480.0,2430.0,557985.0,20359.0,-18679.0,-1680.0,0.023,2294.0,15.0,FALL
2014-08-20,2445.0,2425.0,2480.0,2405.0,478787.0,-38428.0,38428.0,0.0,0.023,3974.0,20.0,RISE
2014-08-19,2425.0,2420.0,2440.0,2405.0,410246.0,27279.0,-27279.0,0.0,0.022,3974.0,10.0,RISE
2014-08-18,2415.0,2435.0,2440.0,2380.0,582698.0,-78375.0,78375.0,0.0,0.023,3974.0,30.0,FALL
2014-08-14,2445.0,2490.0,2490.0,2425.0,666293.0,-70443.0,70443.0,0.0,0.021,3974.0,30.0,FALL
2014-08-13,2475.0,2445.0,2510.0,2425.0,910050.0,3088.0,-3088.0,0.0,0.019,3974.0,50.0,RISE
2014-08-12,2425.0,2475.0,2475.0,2415.0,746202.0,-11676.0,11676.0,0.0,0.019,3974.0,30.0,FALL
2014-08-11,2455.0,2410.0,2475.0,2365.0,990383.0,-2591.0,2591.0,0.0,0.019,3974.0,75.0,RISE
2014-08-08,2380.0,2370.0,2425.0,2365.0,703124.0,58129.0,-58129.0,0.0,0.019,3974.0,10.0,RISE
2014-08-07,2370.0,2345.0,2400.0,2325.0,427285.0,-47168.0,47168.0,0.0,0.021,3974.0,35.0,RISE
2014-08-06,2335.0,2335.0,2350.0,2310.0,247727.0,-32191.0,32191.0,0.0,0.02,3974.0,10.0,FALL
2014-08-05,2345.0,2370.0,2375.0,2345.0,210256.0,-5876.0,5876.0,0.0,0.019,3974.0,25.0,FALL
2014-08-04,2370.0,2330.0,2375.0,2320.0,225276.0,-5378.0,5378.0,0.0,0.019,3974.0,30.0,RISE
2014-08-01,2340.0,2280.0,2340.0,2270.0,227044.0,-43643.0,43643.0,0.0,0.019,3974.0,10.0,RISE
2014-07-31,2330.0,2355.0,2380.0,2290.0,670683.0,3005.0,-3005.0,0.0,0.018000000000000002,3974.0,25.0,FALL
2014-07-30,2355.0,2340.0,2385.0,2330.0,438424.0,-19941.0,19941.0,0.0,0.018000000000000002,3974.0,10.0,RISE
2014-07-29,2345.0,2370.0,2390.0,2345.0,446272.0,-11609.0,11609.0,0.0,0.017,3974.0,45.0,FALL
2014-07-28,2390.0,2430.0,2430.0,2350.0,736086.0,-13253.0,13253.0,0.0,0.016,3974.0,45.0,FALL
2014-07-25,2435.0,2480.0,2485.0,2420.0,470409.0,5544.0,-5544.0,0.0,0.016,3974.0,45.0,FALL
2014-07-24,2480.0,2455.0,2505.0,2425.0,1208042.0,29118.0,-29118.0,0.0,0.016,3974.0,30.0,RISE
2014-07-23,2450.0,2410.0,2460.0,2390.0,1103010.0,-72544.0,72544.0,0.0,0.016,3974.0,50.0,RISE
2014-07-22,2400.0,2420.0,2435.0,2390.0,382563.0,-15180.0,15180.0,0.0,0.015,3974.0,15.0,FALL
2014-07-21,2415.0,2380.0,2415.0,2380.0,447770.0,-82373.0,82373.0,0.0,0.014,3974.0,35.0,RISE
2014-07-18,2380.0,2380.0,2390.0,2355.0,650646.0,-45381.0,45381.0,0.0,0.013,3974.0,15.0,FALL
2014-07-17,2395.0,2405.0,2445.0,2380.0,692158.0,-45813.0,45813.0,0.0,0.011,3974.0,20.0,FALL
2014-07-16,2415.0,2385.0,2475.0,2370.0,1702278.0,-77333.0,77333.0,0.0,0.01,3974.0,30.0,RISE
2014-07-15,2385.0,2430.0,2430.0,2370.0,712236.0,26867.0,-26867.0,0.0,0.009000000000000001,3974.0,35.0,FALL
2014-07-14,2420.0,2400.0,2440.0,2395.0,722219.0,-33503.0,34149.0,-646.0,0.009000000000000001,3974.0,15.0,RISE
2014-07-11,2405.0,2420.0,2430.0,2390.0,517143.0,44674.0,-44674.0,0.0,0.008,4620.0,5.0,RISE
2014-07-10,2400.0,2435.0,2465.0,2385.0,1144508.0,83076.0,-94488.0,11412.0,0.009000000000000001,4620.0,15.0,FALL
2014-07-09,2415.0,2335.0,2415.0,2320.0,720920.0,-45632.0,45632.0,0.0,0.012,-6792.0,80.0,RISE
2014-07-08,2335.0,2360.0,2385.0,2315.0,617661.0,-66459.0,66459.0,0.0,0.011,-6792.0,30.0,FALL
2014-07-07,2365.0,2390.0,2415.0,2350.0,623919.0,-21370.0,21370.0,0.0,0.009000000000000001,-6792.0,5.0,FALL
2014-07-04,2370.0,2410.0,2420.0,2365.0,601027.0,-24394.0,24394.0,0.0,0.009000000000000001,-6792.0,30.0,FALL
2014-07-03,2400.0,2375.0,2450.0,2375.0,1344001.0,22634.0,-22634.0,0.0,0.008,-6792.0,40.0,RISE
2014-07-02,2360.0,2370.0,2385.0,2340.0,603788.0,-44136.0,44136.0,0.0,0.008,-6792.0,5.0,FALL
2014-07-01,2365.0,2380.0,2420.0,2340.0,1144153.0,11167.0,-11167.0,0.0,0.006999999999999999,-6792.0,15.0,RISE
2014-06-30,2350.0,2305.0,2350.0,2290.0,711670.0,85.0,-85.0,0.0,0.008,-6792.0,35.0,RISE
2014-06-27,2315.0,2285.0,2325.0,2240.0,674562.0,-16396.0,16396.0,0.0,0.008,-6792.0,15.0,RISE
2014-06-26,2300.0,2320.0,2350.0,2285.0,701370.0,15524.0,-15524.0,0.0,0.006999999999999999,-6792.0,10.0,FALL
2014-06-25,2310.0,2280.0,2320.0,2275.0,928532.0,-8938.0,8941.0,-3.0,0.006999999999999999,-6792.0,10.0,FALL
2014-06-24,2320.0,2265.0,2335.0,2245.0,1412412.0,44499.0,-44499.0,0.0,0.006999999999999999,-6789.0,45.0,RISE
2014-06-23,2275.0,2370.0,2380.0,2275.0,1683744.0,52307.0,-52307.0,0.0,0.008,-6789.0,75.0,FALL
2014-06-20,2350.0,2280.0,2590.0,2280.0,12321419.0,54186.0,-54186.0,0.0,0.009000000000000001,-6789.0,95.0,RISE
2014-06-19,2255.0,2240.0,2260.0,2230.0,132913.0,-25007.0,25007.0,0.0,0.01,-6789.0,15.0,RISE
2014-06-18,2240.0,2245.0,2260.0,2230.0,125910.0,-14737.0,14737.0,0.0,0.01,-6789.0,5.0,RISE
2014-06-17,2235.0,2245.0,2260.0,2225.0,124319.0,-4765.0,4857.0,-92.0,0.009000000000000001,-6789.0,15.0,FALL
2014-06-16,2250.0,2280.0,2280.0,2240.0,238780.0,-9031.0,9031.0,0.0,0.009000000000000001,-6697.0,20.0,FALL
2014-06-13,2270.0,2225.0,2270.0,2205.0,210297.0,-10253.0,10253.0,0.0,0.009000000000000001,-6697.0,35.0,RISE
2014-06-12,2235.0,2185.0,2245.0,2185.0,311570.0,-73281.0,74347.0,-1066.0,0.009000000000000001,-6697.0,40.0,RISE
2014-06-11,2195.0,2195.0,2220.0,2180.0,187102.0,20104.0,-19894.0,-210.0,0.006999999999999999,-5631.0,5.0,FALL
2014-06-10,2200.0,2150.0,2210.0,2145.0,222727.0,-7642.0,7642.0,0.0,0.008,-5421.0,40.0,RISE
2014-06-09,2160.0,2145.0,2175.0,2140.0,175254.0,5614.0,-5609.0,-5.0,0.008,-5421.0,10.0,RISE
2014-06-05,2150.0,2180.0,2195.0,2150.0,326858.0,2184.0,-2176.0,-8.0,0.008,-5416.0,45.0,FALL
2014-06-03,2195.0,2230.0,2230.0,2185.0,320064.0,30815.0,-30799.0,-16.0,0.008,-5408.0,30.0,FALL
2014-06-02,2225.0,2240.0,2280.0,2225.0,526766.0,27624.0,-27585.0,-39.0,0.009000000000000001,-5392.0,5.0,RISE
2014-05-30,2220.0,2225.0,2245.0,2215.0,262717.0,-2874.0,2880.0,-6.0,0.009000000000000001,-5353.0,0.0,EVEN
2014-05-29,2220.0,2215.0,2275.0,2195.0,449733.0,-22420.0,22430.0,-10.0,0.009000000000000001,-5347.0,5.0,FALL
2014-05-28,2225.0,2245.0,2245.0,2225.0,173472.0,2050.0,-2040.0,-10.0,0.009000000000000001,-5337.0,10.0,FALL
2014-05-27,2235.0,2230.0,2250.0,2225.0,250718.0,-8060.0,8060.0,0.0,0.009000000000000001,-5327.0,5.0,RISE
2014-05-26,2230.0,2285.0,2290.0,2230.0,533216.0,34510.0,-33860.0,-650.0,0.009000000000000001,-5327.0,0.0,EVEN
2014-05-23,2230.0,2210.0,2245.0,2210.0,215012.0,-6970.0,6970.0,0.0,0.009000000000000001,-4677.0,15.0,RISE
2014-05-22,2215.0,2220.0,2225.0,2190.0,246493.0,18790.0,-17550.0,-1240.0,0.009000000000000001,-4677.0,15.0,RISE
2014-05-21,2200.0,2175.0,2235.0,2170.0,378605.0,-18290.0,18660.0,-370.0,0.01,-3437.0,30.0,RISE
2014-05-20,2170.0,2160.0,2185.0,2145.0,224491.0,1190.0,-1190.0,0.0,0.009000000000000001,-3067.0,0.0,EVEN
2014-05-19,2170.0,2205.0,2220.0,2165.0,288099.0,23900.0,-23900.0,0.0,0.009000000000000001,-3067.0,30.0,FALL
2014-05-16,2200.0,2180.0,2210.0,2175.0,178869.0,16240.0,-15870.0,-370.0,0.01,-3067.0,5.0,RISE
2014-05-15,2195.0,2175.0,2200.0,2175.0,170630.0,-11800.0,11800.0,0.0,0.01,-2697.0,10.0,RISE
2014-05-14,2185.0,2165.0,2200.0,2160.0,141264.0,-6370.0,7370.0,-1000.0,0.01,-2697.0,20.0,RISE
2014-05-13,2165.0,2130.0,2175.0,2130.0,163420.0,-19110.0,19110.0,0.0,0.01,-1697.0,30.0,RISE
2014-05-12,2135.0,2160.0,2165.0,2130.0,159413.0,-560.0,560.0,0.0,0.009000000000000001,-1697.0,15.0,FALL
2014-05-09,2150.0,2125.0,2165.0,2125.0,159542.0,-40710.0,40340.0,370.0,0.009000000000000001,-1697.0,30.0,RISE
2014-05-08,2120.0,2185.0,2195.0,2105.0,371433.0,7080.0,-7080.0,0.0,0.008,-2067.0,70.0,FALL
2014-05-07,2190.0,2230.0,2230.0,2165.0,569268.0,34390.0,-34390.0,0.0,0.009000000000000001,-2067.0,45.0,FALL
2014-05-02,2235.0,2235.0,2265.0,2225.0,195510.0,11390.0,-11390.0,0.0,0.009000000000000001,-2067.0,10.0,FALL
2014-04-30,2245.0,2240.0,2255.0,2235.0,169044.0,1920.0,-920.0,-1000.0,0.01,-2067.0,10.0,RISE
2014-04-29,2235.0,2255.0,2265.0,2225.0,302731.0,36430.0,-36430.0,0.0,0.01,-1067.0,20.0,FALL
2014-04-28,2255.0,2260.0,2260.0,2245.0,194267.0,7700.0,-7690.0,-10.0,0.012,-1067.0,10.0,FALL
2014-04-25,2265.0,2280.0,2300.0,2255.0,312633.0,-1910.0,1910.0,0.0,0.012,-1057.0,10.0,FALL
2014-04-24,2275.0,2295.0,2305.0,2255.0,269006.0,14320.0,-14320.0,0.0,0.012,-1057.0,15.0,FALL
2014-04-23,2290.0,2335.0,2335.0,2285.0,486981.0,20605.0,-20550.0,-55.0,0.012,-1057.0,30.0,FALL
2014-04-22,2320.0,2330.0,2345.0,2290.0,545700.0,-18950.0,18950.0,0.0,0.013,-1002.0,10.0,FALL
2014-04-21,2330.0,2370.0,2385.0,2330.0,686130.0,10160.0,-10160.0,0.0,0.012,-1002.0,10.0,FALL
2014-04-18,2340.0,2320.0,2345.0,2310.0,466606.0,-7870.0,7870.0,0.0,0.013,-1002.0,30.0,RISE
2014-04-17,2310.0,2305.0,2340.0,2295.0,444899.0,-19490.0,19500.0,-10.0,0.012,-1002.0,5.0,RISE
2014-04-16,2305.0,2305.0,2320.0,2295.0,297792.0,-11840.0,11840.0,0.0,0.012,-992.0,0.0,EVEN
2014-04-15,2305.0,2330.0,2365.0,2300.0,451781.0,3081.0,-3080.0,-1.0,0.012,-992.0,10.0,FALL
2014-04-14,2315.0,2315.0,2320.0,2305.0,236288.0,-8790.0,8790.0,0.0,0.012,-991.0,5.0,FALL
2014-04-11,2320.0,2270.0,2330.0,2265.0,877136.0,-3800.0,3800.0,0.0,0.012,-991.0,35.0,RISE
2014-04-10,2285.0,2280.0,2285.0,2265.0,262771.0,-23489.0,23750.0,-261.0,0.011,-991.0,15.0,RISE
2014-04-09,2270.0,2255.0,2280.0,2255.0,307801.0,-7300.0,7310.0,-10.0,0.011,-730.0,10.0,RISE
2014-04-08,2260.0,2250.0,2280.0,2250.0,166114.0,23140.0,-23140.0,0.0,0.011,-720.0,0.0,EVEN
2014-04-07,2260.0,2285.0,2290.0,2240.0,294334.0,8680.0,-8680.0,0.0,0.011,-720.0,30.0,FALL
2014-04-04,2290.0,2285.0,2300.0,2280.0,249043.0,-25910.0,25910.0,0.0,0.011,-720.0,10.0,RISE
2014-04-03,2280.0,2285.0,2310.0,2280.0,415726.0,-28670.0,28670.0,0.0,0.011,-720.0,5.0,FALL
2014-04-02,2285.0,2280.0,2290.0,2265.0,347399.0,-45900.0,45900.0,0.0,0.01,-720.0,15.0,RISE
2014-04-01,2270.0,2265.0,2295.0,2245.0,317316.0,-13180.0,13180.0,0.0,0.009000000000000001,-720.0,5.0,RISE
2014-03-31,2265.0,2295.0,2300.0,2235.0,841028.0,19150.0,-19150.0,0.0,0.009000000000000001,-720.0,60.0,FALL
2014-03-28,2325.0,2265.0,2325.0,2240.0,474406.0,-26380.0,26310.0,70.0,0.009000000000000001,-720.0,65.0,RISE
2014-03-27,2260.0,2275.0,2290.0,2255.0,298943.0,10420.0,-10420.0,0.0,0.009000000000000001,-790.0,20.0,FALL
2014-03-26,2280.0,2295.0,2310.0,2265.0,392086.0,-10060.0,10060.0,0.0,0.009000000000000001,-790.0,10.0,FALL
2014-03-25,2290.0,2330.0,2335.0,2290.0,348982.0,29980.0,-29850.0,-130.0,0.009000000000000001,-790.0,40.0,FALL
2014-03-24,2330.0,2305.0,2335.0,2290.0,474963.0,-19560.0,19560.0,0.0,0.009000000000000001,-660.0,20.0,RISE
2014-03-21,2310.0,2315.0,2315.0,2270.0,528307.0,-9630.0,9630.0,0.0,0.009000000000000001,-660.0,10.0,FALL
2014-03-20,2320.0,2270.0,2370.0,2255.0,1626096.0,-5948.0,5950.0,-2.0,0.009000000000000001,-660.0,55.0,RISE
2014-03-19,2265.0,2270.0,2285.0,2245.0,218729.0,6270.0,-6270.0,0.0,0.008,-658.0,5.0,FALL
2014-03-18,2270.0,2240.0,2280.0,2230.0,433594.0,-35188.0,35190.0,-2.0,0.009000000000000001,-658.0,45.0,RISE
2014-03-17,2225.0,2235.0,2255.0,2220.0,204092.0,2200.0,-2200.0,0.0,0.008,-656.0,15.0,FALL
2014-03-14,2240.0,2215.0,2270.0,2215.0,289877.0,-5544.0,5650.0,-106.0,0.008,-656.0,0.0,EVEN
2014-03-13,2240.0,2220.0,2240.0,2215.0,228320.0,-13560.0,14110.0,-550.0,0.008,-550.0,30.0,RISE
2014-03-12,2210.0,2225.0,2240.0,2210.0,261163.0,-4200.0,4200.0,0.0,0.006999999999999999,-5250.0,30.0,FALL
2014-03-11,2240.0,2235.0,2250.0,2215.0,273254.0,-26007.0,26010.0,-3.0,0.006999999999999999,-3.0,10.0,RISE
2014-03-10,2230.0,2250.0,2265.0,2230.0,354596.0,-3780.0,3780.0,0.0,0.006999999999999999,-3580.0,10.0,FALL
2014-03-07,2240.0,2215.0,2245.0,2215.0,225074.0,-14680.0,14680.0,0.0,0.006999999999999999,-14680.0,20.0,RISE
2014-03-06,2220.0,2250.0,2255.0,2210.0,276855.0,23993.0,-23990.0,-3.0,0.006,-3.0,30.0,FALL
2014-03-05,2250.0,2215.0,2255.0,2215.0,264117.0,-19300.0,19300.0,0.0,0.006999999999999999,-19300.0,35.0,RISE
2014-03-04,2215.0,2185.0,2225.0,2180.0,219510.0,-19880.0,19880.0,0.0,0.006,-19880.0,20.0,RISE
2014-03-03,2195.0,2215.0,2220.0,2195.0,276712.0,4780.0,-4780.0,0.0,0.006,4290.0,35.0,FALL
2014-02-28,2230.0,2220.0,2235.0,2205.0,346741.0,-2070.0,2070.0,0.0,0.006,3680.0,0.0,EVEN
2014-02-27,2230.0,2245.0,2265.0,2225.0,273513.0,1976.0,-1970.0,-6.0,0.006,-6.0,15.0,FALL
2014-02-26,2245.0,2265.0,2280.0,2245.0,269351.0,23310.0,-23310.0,0.0,0.006,22020.0,15.0,FALL
2014-02-25,2260.0,2285.0,2300.0,2260.0,487326.0,48110.0,-48110.0,0.0,0.006,55100.0,15.0,FALL
2014-02-24,2275.0,2275.0,2290.0,2255.0,390541.0,-10040.0,10040.0,0.0,0.008,-23890.0,5.0,RISE
2014-02-21,2270.0,2265.0,2280.0,2230.0,465554.0,-44430.0,44430.0,0.0,0.006999999999999999,-168120.0,10.0,RISE
2014-02-20,2260.0,2315.0,2330.0,2225.0,995164.0,-18840.0,18970.0,-130.0,0.006,-130.0,50.0,FALL
2014-02-19,2310.0,2355.0,2360.0,2310.0,670970.0,27860.0,-27860.0,0.0,0.006,27860.0,45.0,FALL
2014-02-18,2355.0,2360.0,2380.0,2330.0,529721.0,-32130.0,32130.0,0.0,0.006999999999999999,-22130.0,5.0,RISE
2014-02-17,2350.0,2350.0,2450.0,2315.0,2292275.0,167690.0,-167690.0,0.0,0.006,185920.0,20.0,RISE
2014-02-14,2330.0,2320.0,2340.0,2270.0,1069661.0,16350.0,-16340.0,-10.0,0.01,-10.0,75.0,RISE
2014-02-13,2255.0,2265.0,2300.0,2250.0,1105912.0,-19530.0,19530.0,0.0,0.01,30112.0,110.0,FALL
2014-02-12,2365.0,2405.0,2415.0,2330.0,2019331.0,185800.0,-185800.0,0.0,0.01,133730.0,100.0,RISE
2014-02-11,2265.0,2235.0,2280.0,2230.0,404856.0,-23720.0,23720.0,0.0,0.014,-24620.0,30.0,RISE
2014-02-10,2235.0,2250.0,2250.0,2215.0,595491.0,-24640.0,24640.0,0.0,0.013,-24630.0,15.0,RISE
2014-02-07,2220.0,2275.0,2275.0,2205.0,842706.0,-66530.0,66530.0,0.0,0.013,-66560.0,40.0,FALL
2014-02-06,2260.0,2270.0,2355.0,2260.0,1304753.0,-52340.0,52340.0,0.0,0.011,-52350.0,20.0,RISE
2014-02-05,2240.0,2325.0,2365.0,2235.0,1605337.0,-64180.0,64180.0,0.0,0.01,-76400.0,45.0,FALL
2014-02-04,2285.0,2300.0,2310.0,2270.0,843622.0,-68250.0,68250.0,0.0,0.009000000000000001,-18250.0,80.0,FALL
2014-02-03,2365.0,2235.0,2455.0,2220.0,2834147.0,106680.0,-106680.0,0.0,0.006999999999999999,67720.0,70.0,RISE
2014-01-29,2295.0,2270.0,2325.0,2230.0,933860.0,-9590.0,9590.0,0.0,0.009000000000000001,-10190.0,5.0,FALL
2014-01-28,2300.0,2350.0,2420.0,2255.0,1656641.0,-17040.0,17080.0,-40.0,0.009000000000000001,-40.0,100.0,FALL
2014-01-27,2400.0,2405.0,2495.0,2325.0,4351519.0,115460.0,-115450.0,-10.0,0.009000000000000001,-10.0,170.0,RISE
2014-01-24,2230.0,2155.0,2245.0,2150.0,1626309.0,-3500.0,3500.0,0.0,0.011,2500.0,95.0,RISE
2014-01-23,2135.0,2165.0,2165.0,2130.0,162552.0,560.0,-560.0,0.0,0.011,-290.0,20.0,FALL
2014-01-22,2155.0,2160.0,2165.0,2130.0,240954.0,38670.0,-38670.0,0.0,0.011,18690.0,5.0,RISE
2014-01-21,2150.0,2140.0,2165.0,2125.0,335855.0,-11170.0,11170.0,0.0,0.012,-6170.0,20.0,RISE
2014-01-20,2130.0,2125.0,2145.0,2120.0,271518.0,11040.0,-11040.0,0.0,0.012,-4170.0,0.0,EVEN
2014-01-17,2130.0,2160.0,2170.0,2110.0,458177.0,47260.0,-47260.0,0.0,0.013,32230.0,0.0,EVEN
2014-01-16,2130.0,2110.0,2130.0,2080.0,351903.0,-21790.0,21790.0,0.0,0.0,-65860.0,35.0,RISE
2014-01-15,2095.0,2115.0,2125.0,2095.0,210666.0,-10080.0,10080.0,0.0,0.013,-1080.0,20.0,FALL
2014-01-14,2115.0,2095.0,2120.0,2080.0,194568.0,-27839.0,27840.0,-1.0,0.013,-1.0,15.0,RISE
2014-01-13,2100.0,2130.0,2150.0,2095.0,357314.0,25460.0,-25460.0,0.0,0.012,18960.0,60.0,FALL
2014-01-10,2160.0,2060.0,2160.0,2050.0,940639.0,-79340.0,79690.0,-350.0,0.013,-350.0,70.0,RISE
2014-01-09,2090.0,2185.0,2200.0,2090.0,557558.0,24690.0,-24680.0,-10.0,0.011,-10.0,100.0,FALL
2014-01-08,2190.0,2180.0,2190.0,2145.0,468694.0,-6790.0,6790.0,0.0,0.011,-7520.0,5.0,RISE
2014-01-07,2185.0,2135.0,2215.0,2130.0,1257844.0,16620.0,-16620.0,0.0,0.011,21440.0,95.0,RISE
2014-01-06,2090.0,2095.0,2100.0,2045.0,535080.0,31815.0,-31815.0,0.0,0.012,32270.0,15.0,RISE
2014-01-03,2075.0,2050.0,2075.0,2020.0,468099.0,-18870.0,18870.0,0.0,0.012,-16870.0,45.0,RISE
2014-01-02,2030.0,2060.0,2100.0,2025.0,918334.0,22070.0,-22070.0,0.0,0.012,30070.0,45.0,RISE
2013-12-30,1985.0,1980.0,1995.0,1960.0,165297.0,3670.0,-3670.0,0.0,0.012,3670.0,10.0,RISE
2013-12-27,1975.0,1970.0,1985.0,1955.0,213655.0,-27460.0,27460.0,0.0,0.012,-32463.0,10.0,RISE
2013-12-26,1965.0,1990.0,2000.0,1960.0,283284.0,12411.0,-12410.0,-1.0,0.012,-1.0,25.0,FALL
2013-12-24,1990.0,1995.0,2005.0,1985.0,141500.0,13780.0,-13780.0,0.0,0.0,9890.0,0.0,EVEN
2013-12-23,1990.0,1990.0,2020.0,1990.0,374667.0,27720.0,-27720.0,0.0,0.0,-10300.0,10.0,RISE
2013-12-20,1980.0,1990.0,2000.0,1975.0,326415.0,136500.0,-136500.0,0.0,0.0,-8500.0,20.0,FALL
2013-12-19,2000.0,2035.0,2035.0,2000.0,241824.0,-28030.0,28030.0,0.0,0.0,-11030.0,20.0,FALL
2013-12-18,2020.0,1990.0,2080.0,1990.0,471071.0,18580.0,-18580.0,0.0,0.0,23080.0,20.0,RISE
2013-12-17,2000.0,2000.0,2030.0,1990.0,280041.0,-18800.0,18800.0,0.0,0.0,-18800.0,15.0,FALL
2013-12-16,2015.0,2065.0,2065.0,2005.0,247973.0,2150.0,-2140.0,-10.0,0.0,-10.0,35.0,FALL
2013-12-13,2050.0,2015.0,2115.0,1975.0,805476.0,38530.0,-38530.0,0.0,0.0,63330.0,55.0,RISE
2013-12-12,1995.0,1945.0,2020.0,1945.0,329295.0,-38670.0,38890.0,-220.0,0.0,-220.0,25.0,RISE
2013-12-11,1970.0,1980.0,2015.0,1970.0,369281.0,-4260.0,4260.0,0.0,0.0,-47260.0,25.0,FALL
2013-12-10,1995.0,2060.0,2075.0,1990.0,432009.0,-26850.0,26870.0,-20.0,0.0,-20.0,80.0,FALL
2013-12-09,2075.0,2105.0,2125.0,2075.0,204736.0,-1730.0,1800.0,-70.0,0.0,-70.0,30.0,FALL
2013-12-06,2105.0,2080.0,2130.0,2080.0,164303.0,-13940.0,14060.0,-120.0,0.0,-120.0,15.0,RISE
2013-12-05,2090.0,2075.0,2095.0,2065.0,242176.0,-23030.0,23220.0,-190.0,0.0,-190.0,5.0,RISE
2013-12-04,2085.0,2120.0,2135.0,2060.0,472374.0,12610.0,-12460.0,-150.0,0.0,-150.0,65.0,FALL
2013-12-03,2150.0,2145.0,2170.0,2115.0,376558.0,6250.0,-6250.0,0.0,0.0,4250.0,25.0,FALL
2013-12-02,2175.0,2225.0,2225.0,2160.0,223417.0,12230.0,-12230.0,0.0,0.0,11230.0,35.0,FALL
2013-11-29,2210.0,2220.0,2245.0,2185.0,371809.0,39490.0,-39490.0,0.0,0.0,37480.0,5.0,RISE
2013-11-28,2205.0,2180.0,2205.0,2180.0,178880.0,-25070.0,25070.0,0.0,0.0,-25070.0,25.0,RISE
2013-11-27,2180.0,2190.0,2215.0,2180.0,186415.0,1110.0,-1110.0,0.0,0.0,1110.0,20.0,FALL
2013-11-26,2200.0,2160.0,2200.0,2150.0,223378.0,-19250.0,19250.0,0.0,0.0,-19250.0,30.0,RISE
2013-11-25,2170.0,2140.0,2225.0,2140.0,602290.0,-96500.0,96500.0,0.0,0.0,-96500.0,40.0,RISE
2013-11-22,2130.0,2160.0,2165.0,2125.0,300998.0,-36890.0,36900.0,-10.0,0.0,-10.0,10.0,FALL
2013-11-21,2140.0,2170.0,2195.0,2140.0,320762.0,-820.0,820.0,0.0,0.0,-820.0,40.0,FALL
2013-11-20,2180.0,2185.0,2210.0,2175.0,263596.0,-46940.0,46940.0,0.0,0.0,-46940.0,5.0,FALL
2013-11-19,2185.0,2185.0,2205.0,2175.0,366117.0,-10810.0,10810.0,0.0,0.0,-10810.0,5.0,FALL
2013-11-18,2190.0,2230.0,2255.0,2190.0,492771.0,24690.0,-24690.0,0.0,0.0,24690.0,55.0,FALL
2013-11-15,2245.0,2220.0,2255.0,2220.0,334373.0,-35320.0,35320.0,0.0,0.0,-35320.0,5.0,RISE
2013-11-14,2240.0,2255.0,2275.0,2230.0,402120.0,-14300.0,14300.0,0.0,0.0,-15300.0,20.0,FALL
2013-11-13,2260.0,2325.0,2325.0,2260.0,417080.0,37500.0,-37500.0,0.0,0.0,39030.0,45.0,FALL
2013-11-12,2305.0,2290.0,2335.0,2290.0,396751.0,-25480.0,25480.0,0.0,0.0,-29360.0,5.0,FALL
2013-11-11,2310.0,2380.0,2435.0,2170.0,1826607.0,52000.0,-52000.0,0.0,0.0,52000.0,25.0,FALL
2013-11-08,2335.0,2365.0,2365.0,2320.0,351854.0,47080.0,-47080.0,0.0,0.0,47080.0,30.0,FALL
2013-11-07,2365.0,2355.0,2385.0,2335.0,406987.0,19550.0,-19550.0,0.0,0.0,24850.0,0.0,EVEN
2013-11-06,2365.0,2380.0,2385.0,2340.0,304293.0,30180.0,-30180.0,0.0,0.0,38180.0,15.0,FALL
2013-11-05,2380.0,2405.0,2405.0,2365.0,344389.0,36040.0,-35910.0,-130.0,0.0,-130.0,20.0,FALL
2013-11-04,2400.0,2385.0,2420.0,2370.0,711101.0,-16190.0,16190.0,0.0,0.0,-16190.0,65.0,RISE
2013-11-01,2335.0,2340.0,2355.0,2315.0,285769.0,12780.0,-12780.0,0.0,0.0,12780.0,15.0,FALL
2013-10-31,2350.0,2370.0,2380.0,2335.0,340528.0,17730.0,-17730.0,0.0,0.0,17730.0,20.0,FALL
2013-10-30,2370.0,2380.0,2410.0,2365.0,487396.0,-22610.0,22610.0,0.0,0.0,-22910.0,10.0,RISE
2013-10-29,2360.0,2375.0,2395.0,2355.0,365467.0,15420.0,-15400.0,-20.0,0.0,-20.0,10.0,FALL
2013-10-28,2370.0,2370.0,2390.0,2360.0,365286.0,-13440.0,13440.0,0.0,0.0,-13440.0,15.0,FALL
2013-10-25,2385.0,2440.0,2465.0,2385.0,843132.0,49870.0,-49870.0,0.0,0.0,49970.0,0.0,EVEN
2013-10-24,2385.0,2370.0,2405.0,2340.0,625592.0,-14710.0,14710.0,0.0,0.0,-14710.0,10.0,FALL
2013-10-23,2395.0,2370.0,2520.0,2365.0,2273984.0,64460.0,-64460.0,0.0,0.0,68740.0,40.0,RISE
2013-10-22,2355.0,2345.0,2360.0,2310.0,354581.0,-31460.0,31590.0,-130.0,0.0,-130.0,35.0,RISE
2013-10-21,2320.0,2340.0,2350.0,2310.0,248867.0,3743.0,-3720.0,-23.0,0.0,-23.0,20.0,FALL
2013-10-18,2340.0,2335.0,2350.0,2320.0,201863.0,6480.0,-6480.0,0.0,0.0,6480.0,0.0,EVEN
2013-10-17,2340.0,2350.0,2365.0,2315.0,344270.0,-7030.0,7030.0,0.0,0.0,-8310.0,0.0,EVEN
2013-10-16,2340.0,2300.0,2440.0,2290.0,1612470.0,46430.0,-46430.0,0.0,0.0,54860.0,40.0,RISE
2013-10-15,2300.0,2290.0,2305.0,2260.0,258541.0,-48460.0,48590.0,-130.0,0.0,-130.0,5.0,RISE
2013-10-14,2295.0,2330.0,2355.0,2295.0,297380.0,28660.0,-28660.0,0.0,0.0,26660.0,50.0,FALL
2013-10-11,2345.0,2325.0,2350.0,2305.0,304905.0,-52096.0,52096.0,0.0,0.0,-24820.0,50.0,RISE
2013-10-10,2295.0,2280.0,2320.0,2270.0,302960.0,-31870.0,31870.0,0.0,0.0,-32870.0,5.0,RISE
2013-10-08,2290.0,2270.0,2295.0,2255.0,521481.0,-31350.0,31350.0,0.0,0.0,-31350.0,0.0,EVEN
2013-10-07,2290.0,2315.0,2330.0,2290.0,612570.0,44250.0,-44250.0,0.0,0.0,-7750.0,50.0,FALL
2013-10-04,2340.0,2360.0,2380.0,2325.0,355668.0,14950.0,-14950.0,0.0,0.0,1950.0,40.0,FALL
2013-10-02,2380.0,2390.0,2410.0,2380.0,449292.0,-24300.0,24300.0,0.0,0.0,-24300.0,10.0,FALL
2013-10-01,2390.0,2405.0,2440.0,2370.0,572982.0,24700.0,-24700.0,0.0,0.0,24650.0,40.0,FALL
2013-09-30,2430.0,2475.0,2475.0,2415.0,435835.0,55410.0,-55410.0,0.0,0.0,55410.0,35.0,FALL
2013-09-27,2465.0,2435.0,2485.0,2435.0,519639.0,-22900.0,23030.0,-130.0,0.0,-130.0,35.0,RISE
2013-09-26,2430.0,2400.0,2445.0,2400.0,360963.0,-48900.0,48900.0,0.0,0.0,-48900.0,5.0,RISE
2013-09-25,2425.0,2425.0,2445.0,2425.0,237145.0,-13370.0,13370.0,0.0,0.0,-13370.0,5.0,FALL
2013-09-24,2430.0,2400.0,2435.0,2400.0,574174.0,-62060.0,62060.0,0.0,0.0,-55360.0,15.0,RISE
2013-09-23,2415.0,2465.0,2470.0,2410.0,1106916.0,69270.0,-69130.0,-140.0,0.0,-140.0,105.0,FALL
2013-09-17,2520.0,2515.0,2525.0,2485.0,406390.0,-33400.0,33400.0,0.0,0.0,-34450.0,0.0,EVEN
2013-09-16,2520.0,2545.0,2585.0,2515.0,547568.0,23010.0,-23010.0,0.0,0.0,21010.0,30.0,FALL
2013-09-13,2550.0,2520.0,2570.0,2520.0,473236.0,-56250.0,56250.0,0.0,0.0,-44610.0,0.0,EVEN
2013-09-12,2550.0,2615.0,2615.0,2545.0,802014.0,26626.0,-20270.0,-6356.0,0.0,-6356.0,60.0,FALL
2013-09-11,2610.0,2655.0,2665.0,2605.0,766723.0,37110.0,-37110.0,0.0,0.0,32860.0,5.0,FALL
2013-09-10,2615.0,2605.0,2640.0,2600.0,686676.0,-24091.0,24110.0,-19.0,0.0,-19.0,20.0,RISE
2013-09-09,2595.0,2610.0,2620.0,2585.0,564921.0,3570.0,-3570.0,0.0,0.0,8590.0,5.0,RISE
2013-09-06,2590.0,2620.0,2640.0,2580.0,865024.0,79170.0,-79170.0,0.0,0.0,72360.0,0.0,EVEN
2013-09-05,2590.0,2625.0,2640.0,2585.0,402761.0,14730.0,-14730.0,0.0,0.0,14730.0,10.0,FALL
2013-09-04,2600.0,2580.0,2625.0,2560.0,705044.0,-7190.0,7190.0,0.0,0.0,-8090.0,40.0,RISE
2013-09-03,2560.0,2560.0,2580.0,2535.0,693803.0,-73290.0,73510.0,-220.0,0.0,-220.0,0.0,EVEN
2013-09-02,2560.0,2525.0,2630.0,2525.0,1100635.0,28006.0,-28006.0,0.0,0.0,250.0,40.0,RISE
2013-08-30,2520.0,2535.0,2550.0,2510.0,574761.0,-38060.0,38060.0,0.0,0.0,-38260.0,0.0,EVEN
2013-08-29,2520.0,2525.0,2535.0,2505.0,679866.0,-31340.0,31270.0,70.0,0.0,70.0,35.0,RISE
2013-08-28,2485.0,2520.0,2560.0,2485.0,1578000.0,-1400.0,1400.0,0.0,0.0,1430.0,120.0,FALL
2013-08-27,2605.0,2675.0,2715.0,2595.0,1329671.0,89320.0,-89320.0,0.0,0.0,85200.0,50.0,FALL
2013-08-26,2655.0,2700.0,2715.0,2655.0,690119.0,-16250.0,16250.0,0.0,0.0,-3700.0,15.0,FALL
2013-08-23,2670.0,2655.0,2710.0,2655.0,814644.0,-28510.0,28510.0,0.0,0.0,-19240.0,20.0,RISE
2013-08-22,2650.0,2640.0,2790.0,2545.0,2476283.0,159230.0,-159230.0,0.0,0.0,143630.0,35.0,FALL
2013-08-21,2685.0,2680.0,2710.0,2585.0,1432917.0,-56920.0,56920.0,0.0,0.0,-56920.0,15.0,RISE
2013-08-20,2670.0,2750.0,2790.0,2670.0,1348955.0,-124970.0,124970.0,0.0,0.0,-102270.0,90.0,FALL
2013-08-19,2760.0,2875.0,2920.0,2760.0,2789097.0,-172370.0,172380.0,-10.0,0.0,-10.0,90.0,FALL
2013-08-16,2850.0,3090.0,3110.0,2825.0,4894001.0,105430.0,-105430.0,0.0,0.0,112360.0,125.0,FALL
2013-08-14,2975.0,3045.0,3090.0,2755.0,4837001.0,-254570.0,254570.0,0.0,0.0,-251470.0,60.0,FALL
2013-08-13,3035.0,2975.0,3160.0,2910.0,6816730.0,17090.0,-17070.0,-20.0,0.0,-20.0,60.0,RISE
2013-08-12,2975.0,2905.0,2975.0,2875.0,2312503.0,-46870.0,46870.0,0.0,0.0,-42520.0,105.0,RISE
2013-08-09,2870.0,2915.0,3040.0,2860.0,7617436.0,45030.0,-45030.0,0.0,0.0,48880.0,55.0,FALL
2013-08-08,2925.0,2925.0,2925.0,2925.0,1218148.0,13700.0,-13670.0,-30.0,0.0,-30.0,380.0,UPPER_LIMIT
2013-08-07,2545.0,2655.0,2655.0,2535.0,1316129.0,-19550.0,19170.0,380.0,0.0,380.0,110.0,FALL
2013-08-06,2655.0,2630.0,2680.0,2605.0,670038.0,-56350.0,56350.0,0.0,0.0,-51930.0,15.0,RISE
2013-08-05,2640.0,2700.0,2700.0,2640.0,977000.0,17670.0,-17670.0,0.0,0.0,21670.0,80.0,FALL
2013-08-02,2720.0,2720.0,2730.0,2695.0,870853.0,14160.0,-14160.0,0.0,0.0,14160.0,15.0,RISE
2013-08-01,2705.0,2710.0,2745.0,2690.0,820065.0,3610.0,-3610.0,0.0,0.0,3930.0,20.0,FALL
2013-07-31,2725.0,2685.0,2745.0,2680.0,755957.0,-16820.0,16830.0,-10.0,0.0,-10.0,25.0,RISE
2013-07-30,2700.0,2665.0,2710.0,2650.0,785237.0,-17620.0,17620.0,0.0,0.0,-11500.0,20.0,RISE
2013-07-29,2680.0,2715.0,2750.0,2665.0,1794760.0,39234.0,-39230.0,-4.0,0.0,-4.0,20.0,RISE
2013-07-26,2660.0,2660.0,2710.0,2615.0,2882926.0,-60230.0,60230.0,0.0,0.0,-93850.0,190.0,FALL
2013-07-25,2850.0,2960.0,2985.0,2810.0,2588297.0,59060.0,-59060.0,0.0,0.0,41590.0,105.0,FALL
2013-07-24,2955.0,2905.0,2970.0,2890.0,1502779.0,580.0,-580.0,0.0,0.0,-2630.0,45.0,RISE
2013-07-23,2910.0,2890.0,2910.0,2870.0,1061774.0,19910.0,-19910.0,0.0,0.0,19710.0,20.0,RISE
2013-07-22,2890.0,2905.0,2965.0,2845.0,2629611.0,184660.0,-184660.0,0.0,0.0,189750.0,10.0,FALL
2013-07-19,2900.0,2840.0,2905.0,2820.0,1418498.0,-99590.0,98970.0,620.0,0.0,620.0,80.0,RISE
2013-07-18,2820.0,2820.0,2835.0,2785.0,1215966.0,-107380.0,107380.0,0.0,0.0,-114650.0,45.0,FALL
2013-07-17,2865.0,2895.0,2955.0,2850.0,1997415.0,48420.0,-48420.0,0.0,0.0,39610.0,30.0,FALL
2013-07-16,2895.0,2810.0,2910.0,2810.0,1104597.0,-108900.0,108900.0,0.0,0.0,-112030.0,40.0,RISE
2013-07-15,2855.0,2895.0,2915.0,2850.0,1668234.0,142210.0,-142210.0,0.0,0.0,139210.0,20.0,FALL
2013-07-12,2875.0,2820.0,2900.0,2800.0,1452680.0,-112000.0,112000.0,0.0,0.0,-112500.0,20.0,FALL
2013-07-11,2895.0,2895.0,2905.0,2840.0,1791179.0,-34720.0,34720.0,0.0,0.0,-36640.0,55.0,RISE
2013-07-10,2840.0,2930.0,2985.0,2830.0,2668346.0,39700.0,-39700.0,0.0,0.0,42630.0,145.0,FALL
2013-07-09,2985.0,2940.0,3045.0,2825.0,3562123.0,-8590.0,8590.0,0.0,0.0,-15240.0,40.0,RISE
2013-07-08,2945.0,3090.0,3115.0,2920.0,3564220.0,5270.0,-5270.0,0.0,0.0,7450.0,15.0,FALL
2013-07-05,2960.0,3125.0,3225.0,2920.0,9535576.0,137370.0,-137370.0,0.0,0.0,146420.0,140.0,FALL
2013-07-04,3100.0,2960.0,3120.0,2885.0,10876713.0,-115420.0,115420.0,0.0,0.0,-81840.0,380.0,RISE
2013-07-03,2720.0,2790.0,2840.0,2720.0,1915105.0,34960.0,-34960.0,0.0,0.0,59110.0,85.0,FALL
2013-07-02,2805.0,2865.0,2870.0,2780.0,2187876.0,-96040.0,96040.0,0.0,0.0,-20709.0,75.0,FALL
2013-07-01,2880.0,2955.0,2980.0,2880.0,1980839.0,56229.0,-56230.0,1.0,0.0,-20709.0,30.0,FALL
2013-06-28,2910.0,2980.0,3005.0,2880.0,3847351.0,-13660.0,13660.0,0.0,0.0,-20710.0,75.0,FALL
2013-06-27,2985.0,3000.0,3095.0,2910.0,6524631.0,-34139.0,34140.0,-1.0,0.0,-20710.0,65.0,FALL
2013-06-26,3050.0,2730.0,3070.0,2725.0,5693478.0,68370.0,-68360.0,-10.0,0.0,-20709.0,380.0,RISE
2013-06-25,2670.0,2855.0,2900.0,2535.0,3391812.0,-47310.0,47310.0,0.0,0.0,-20699.0,250.0,FALL
2013-06-24,2920.0,2910.0,2955.0,2870.0,1727056.0,-3850.0,3850.0,0.0,0.0,-20699.0,100.0,FALL
2013-06-21,3020.0,2810.0,3030.0,2805.0,6270882.0,46630.0,-46630.0,0.0,0.0,-20699.0,200.0,RISE
2013-06-20,2820.0,2860.0,2945.0,2790.0,1653428.0,-21210.0,21210.0,0.0,0.0,-20699.0,100.0,FALL
2013-06-19,2920.0,2970.0,3030.0,2920.0,2506497.0,29420.0,-29400.0,-20.0,0.0,-20699.0,50.0,FALL
2013-06-18,2970.0,2840.0,2970.0,2760.0,2593188.0,-80250.0,80260.0,-10.0,0.0,-20679.0,115.0,RISE
2013-06-17,2855.0,2815.0,3025.0,2765.0,7870189.0,91990.0,-89490.0,-2500.0,0.0,-20669.0,95.0,RISE
2013-06-14,2760.0,2710.0,2795.0,2700.0,2771497.0,141644.0,-140790.0,-854.0,0.0,-18169.0,50.0,RISE
2013-06-13,2710.0,2635.0,2735.0,2635.0,1953797.0,-24770.0,26370.0,-1600.0,0.0,-17315.0,10.0,RISE
2013-06-12,2700.0,2750.0,2820.0,2650.0,6360902.0,-67610.0,64270.0,3340.0,0.0,-15715.0,380.0,FALL
2013-06-11,3080.0,3105.0,3130.0,2980.0,6442857.0,-15640.0,15640.0,0.0,0.0,-19055.0,170.0,FALL
2013-06-10,3250.0,3085.0,3295.0,3060.0,12767710.0,-3040.0,11890.0,-8850.0,0.0,-19055.0,345.0,RISE
2013-06-07,2905.0,2905.0,2905.0,2905.0,732200.0,520.0,-520.0,0.0,0.0,-10205.0,375.0,UPPER_LIMIT
2013-06-05,2530.0,2600.0,2630.0,2515.0,957304.0,-14520.0,14520.0,0.0,0.0,-10205.0,85.0,FALL
2013-06-04,2615.0,2670.0,2690.0,2605.0,845440.0,-22170.0,22170.0,0.0,0.0,-10205.0,50.0,FALL
2013-06-03,2665.0,2690.0,2740.0,2660.0,975503.0,-5470.0,5470.0,0.0,0.0,-10205.0,65.0,FALL
2013-05-31,2730.0,2700.0,2745.0,2680.0,957116.0,49720.0,-49720.0,0.0,0.0,-10205.0,10.0,RISE
2013-05-30,2720.0,2705.0,2725.0,2665.0,1000515.0,8570.0,-8570.0,0.0,0.0,-10205.0,30.0,RISE
2013-05-29,2690.0,2700.0,2800.0,2690.0,2195379.0,15050.0,-15050.0,0.0,0.0,-10205.0,50.0,FALL
2013-05-28,2740.0,2630.0,2850.0,2605.0,6339950.0,66190.0,-66190.0,0.0,0.0,-10205.0,120.0,RISE
2013-05-27,2620.0,2665.0,2700.0,2585.0,2155338.0,23021.0,-23010.0,-11.0,0.0,-10205.0,110.0,FALL
2013-05-24,2730.0,2770.0,2785.0,2650.0,2778493.0,63620.0,-63620.0,0.0,0.0,-10194.0,45.0,FALL
2013-05-23,2775.0,2585.0,2840.0,2580.0,7448986.0,71390.0,-71390.0,0.0,0.0,-10194.0,195.0,RISE
2013-05-22,2580.0,2555.0,2595.0,2540.0,1289501.0,-9490.0,9490.0,0.0,0.0,-10194.0,5.0,RISE
2013-05-21,2575.0,2520.0,2580.0,2520.0,427094.0,-152600.0,152600.0,0.0,0.0,-10194.0,45.0,RISE
2013-05-20,2530.0,2510.0,2535.0,2500.0,454338.0,-7120.0,7120.0,0.0,0.0,-10194.0,10.0,FALL
2013-05-16,2540.0,2555.0,2575.0,2530.0,1023053.0,35030.0,-35020.0,-10.0,0.0,-10194.0,55.0,FALL
2013-05-15,2595.0,2610.0,2635.0,2585.0,833245.0,-880.0,880.0,0.0,0.0,-10184.0,5.0,FALL
2013-05-14,2600.0,2555.0,2635.0,2545.0,1779089.0,16000.0,-13790.0,-2210.0,0.0,-10184.0,50.0,RISE
2013-05-13,2550.0,2560.0,2560.0,2525.0,451536.0,6140.0,-6140.0,0.0,0.0,-7974.0,5.0,RISE
2013-05-10,2545.0,2565.0,2580.0,2530.0,670030.0,-16730.0,16730.0,0.0,0.0,-7974.0,20.0,FALL
2013-05-09,2565.0,2605.0,2605.0,2560.0,899988.0,1210.0,-1210.0,0.0,0.0,-7974.0,15.0,FALL
2013-05-08,2580.0,2615.0,2615.0,2570.0,902290.0,-66520.0,66530.0,-10.0,0.0,-7974.0,35.0,FALL
2013-05-07,2615.0,2580.0,2705.0,2545.0,4031756.0,52740.0,-52740.0,0.0,0.0,-7964.0,55.0,RISE
2013-05-06,2560.0,2600.0,2605.0,2555.0,951871.0,6610.0,-6570.0,-40.0,0.0,-7964.0,40.0,FALL
2013-05-03,2600.0,2530.0,2600.0,2500.0,1877635.0,-143950.0,143950.0,0.0,0.0,-7924.0,80.0,RISE
2013-05-02,2520.0,2565.0,2590.0,2520.0,1113054.0,64230.0,-64230.0,0.0,0.0,-7924.0,5.0,FALL
2013-04-30,2525.0,2455.0,2550.0,2455.0,1697097.0,24370.0,-24370.0,0.0,0.0,-7924.0,75.0,RISE
2013-04-29,2450.0,2450.0,2470.0,2430.0,990643.0,-39290.0,39290.0,0.0,0.0,-7924.0,40.0,FALL
2013-04-26,2490.0,2500.0,2595.0,2470.0,1553173.0,-34680.0,34680.0,0.0,0.0,-7924.0,30.0,FALL
2013-04-25,2520.0,2575.0,2640.0,2515.0,3149575.0,91490.0,-91490.0,0.0,0.0,-7924.0,55.0,FALL
2013-04-24,2575.0,2550.0,2580.0,2540.0,1221363.0,-45490.0,45490.0,0.0,0.0,-7924.0,40.0,RISE
2013-04-23,2535.0,2510.0,2555.0,2495.0,1215913.0,-85820.0,85820.0,0.0,0.0,-7924.0,25.0,RISE
2013-04-22,2510.0,2505.0,2535.0,2500.0,941659.0,-17860.0,17860.0,0.0,0.0,-7924.0,30.0,RISE
2013-04-19,2480.0,2495.0,2530.0,2460.0,813256.0,12680.0,-12680.0,0.0,0.0,-7924.0,15.0,FALL
2013-04-18,2495.0,2450.0,2505.0,2450.0,674861.0,-37336.0,37340.0,-4.0,0.0,-7924.0,10.0,RISE
2013-04-17,2485.0,2550.0,2555.0,2460.0,1525861.0,-5090.0,5090.0,0.0,0.0,-7920.0,40.0,FALL
2013-04-16,2525.0,2490.0,2530.0,2480.0,1478187.0,21610.0,-21610.0,0.0,0.0,-7920.0,5.0,FALL
2013-04-15,2530.0,2500.0,2575.0,2480.0,2193578.0,-61980.0,61980.0,0.0,0.0,-7920.0,15.0,FALL
2013-04-12,2545.0,2575.0,2620.0,2480.0,6708829.0,46260.0,-46260.0,0.0,0.0,-7920.0,125.0,RISE
2013-04-11,2420.0,2400.0,2430.0,2380.0,1279377.0,-12200.0,12200.0,0.0,0.0,-7920.0,30.0,RISE
2013-04-10,2390.0,2425.0,2455.0,2370.0,1288511.0,24520.0,-27680.0,3160.0,0.0,-7920.0,45.0,RISE
2013-04-09,2345.0,2350.0,2455.0,2325.0,2218953.0,-68820.0,68820.0,0.0,0.0,-11080.0,125.0,FALL
2013-04-08,2470.0,2360.0,2580.0,2350.0,5473798.0,-3280.0,-4620.0,7900.0,0.0,-11080.0,95.0,RISE
2013-04-05,2375.0,2320.0,2415.0,2300.0,986907.0,128880.0,-128880.0,0.0,0.0,-18980.0,35.0,RISE
2013-04-04,2340.0,2390.0,2400.0,2230.0,1296751.0,51120.0,-51120.0,0.0,0.0,-18980.0,90.0,FALL
2013-04-03,2430.0,2480.0,2490.0,2395.0,1335654.0,56670.0,-56670.0,0.0,0.0,-18980.0,55.0,FALL
2013-04-02,2485.0,2520.0,2605.0,2455.0,1883653.0,45580.0,-45550.0,-30.0,0.0,-18980.0,5.0,FALL
2013-04-01,2490.0,2505.0,2520.0,2450.0,592205.0,7150.0,-7150.0,0.0,0.0,-18950.0,0.0,EVEN
2013-03-29,2490.0,2485.0,2540.0,2470.0,764634.0,-34220.0,34220.0,0.0,0.0,-18950.0,5.0,RISE
2013-03-28,2485.0,2480.0,2520.0,2465.0,959581.0,-9290.0,9290.0,0.0,0.0,-18950.0,25.0,FALL
2013-03-27,2510.0,2430.0,2550.0,2405.0,2886958.0,-26010.0,25970.0,40.0,0.0,-18950.0,70.0,RISE
2013-03-26,2440.0,2420.0,2450.0,2395.0,532618.0,-83575.0,83580.0,-5.0,0.0,-18990.0,15.0,RISE
2013-03-25,2425.0,2430.0,2440.0,2410.0,368479.0,-24220.0,24220.0,0.0,0.0,-18985.0,5.0,FALL
2013-03-22,2430.0,2385.0,2430.0,2385.0,458067.0,-18290.0,18290.0,0.0,0.0,-18985.0,30.0,RISE
2013-03-21,2400.0,2400.0,2420.0,2390.0,415099.0,-11100.0,11110.0,-10.0,0.0,-18985.0,0.0,EVEN
2013-03-20,2400.0,2400.0,2435.0,2375.0,985325.0,-66740.0,66740.0,0.0,0.0,-18975.0,20.0,RISE
2013-03-19,2380.0,2330.0,2395.0,2330.0,446970.0,-22170.0,22170.0,0.0,0.0,-18975.0,55.0,RISE
2013-03-18,2325.0,2400.0,2400.0,2325.0,621815.0,77300.0,-76790.0,-510.0,0.0,-18975.0,80.0,FALL
2013-03-15,2405.0,2385.0,2415.0,2375.0,493206.0,-30990.0,30990.0,0.0,0.0,-18465.0,15.0,RISE
2013-03-14,2390.0,2390.0,2410.0,2380.0,371085.0,38478.0,-37858.0,-620.0,0.0,-18465.0,15.0,FALL
2013-03-13,2405.0,2380.0,2420.0,2375.0,511335.0,-11620.0,11620.0,0.0,0.0,-17845.0,15.0,RISE
2013-03-12,2390.0,2360.0,2420.0,2360.0,511540.0,-5510.0,5510.0,0.0,0.0,-17845.0,30.0,RISE
2013-03-11,2360.0,2340.0,2370.0,2325.0,474212.0,-10558.0,10558.0,0.0,0.0,-17845.0,0.0,EVEN
2013-03-08,2360.0,2345.0,2365.0,2335.0,286150.0,620.0,-1130.0,510.0,0.0,-17845.0,15.0,RISE
2013-03-07,2345.0,2350.0,2365.0,2335.0,401118.0,3430.0,-3430.0,0.0,0.0,-18355.0,20.0,FALL
2013-03-06,2365.0,2390.0,2390.0,2345.0,804121.0,-9530.0,9530.0,0.0,0.0,-18355.0,35.0,FALL
2013-03-05,2400.0,2390.0,2410.0,2385.0,322350.0,-17370.0,17370.0,0.0,0.0,-18355.0,15.0,RISE
2013-03-04,2385.0,2400.0,2410.0,2380.0,270840.0,9880.0,-9880.0,0.0,0.0,-18355.0,5.0,FALL
2013-02-28,2390.0,2410.0,2415.0,2385.0,437000.0,4525.0,-4000.0,-525.0,0.0,-18355.0,0.0,EVEN
2013-02-27,2390.0,2390.0,2395.0,2355.0,258960.0,7200.0,-7200.0,0.0,0.0,-17830.0,20.0,RISE
2013-02-26,2370.0,2390.0,2415.0,2365.0,616933.0,30520.0,-30520.0,0.0,0.0,-17830.0,40.0,FALL
2013-02-25,2410.0,2450.0,2460.0,2410.0,511310.0,38830.0,-38830.0,0.0,0.0,-17830.0,45.0,FALL
2013-02-22,2455.0,2425.0,2460.0,2420.0,421226.0,-5250.0,7950.0,-2700.0,0.0,-17830.0,30.0,RISE
2013-02-21,2425.0,2425.0,2440.0,2415.0,492860.0,-4060.0,4570.0,-510.0,0.0,-15130.0,20.0,FALL
2013-02-20,2445.0,2440.0,2450.0,2425.0,674577.0,-22730.0,22740.0,-10.0,0.0,-14620.0,0.0,EVEN
2013-02-19,2445.0,2455.0,2465.0,2425.0,458072.0,4740.0,-4740.0,0.0,0.0,-14610.0,5.0,RISE
2013-02-18,2440.0,2430.0,2455.0,2415.0,609862.0,-44970.0,44970.0,0.0,0.0,-14610.0,15.0,RISE
2013-02-15,2425.0,2425.0,2455.0,2415.0,469219.0,-1950.0,1950.0,0.0,0.0,-14610.0,10.0,FALL
2013-02-14,2435.0,2430.0,2455.0,2400.0,600663.0,-46620.0,46620.0,0.0,0.0,-14610.0,5.0,RISE
2013-02-13,2430.0,2370.0,2470.0,2355.0,1102458.0,-51840.0,51840.0,0.0,0.0,-14610.0,55.0,RISE
2013-02-12,2375.0,2495.0,2550.0,2355.0,2788818.0,35840.0,-35840.0,0.0,0.0,-14610.0,55.0,FALL
2013-02-08,2430.0,2420.0,2500.0,2420.0,1451086.0,8810.0,-8810.0,0.0,0.0,-14610.0,20.0,RISE
2013-02-07,2410.0,2350.0,2550.0,2345.0,4274548.0,2350.0,-2350.0,0.0,0.0,-14610.0,55.0,RISE
2013-02-06,2355.0,2335.0,2375.0,2335.0,361556.0,-29210.0,29210.0,0.0,0.0,-14610.0,10.0,RISE
2013-02-05,2345.0,2320.0,2385.0,2320.0,461434.0,-7280.0,7280.0,0.0,0.0,-14610.0,5.0,FALL
2013-02-04,2350.0,2350.0,2370.0,2335.0,284499.0,2310.0,-2310.0,0.0,0.0,-14610.0,15.0,FALL
2013-02-01,2365.0,2400.0,2400.0,2340.0,552467.0,3290.0,-3290.0,0.0,0.0,-14610.0,35.0,FALL
2013-01-31,2400.0,2390.0,2430.0,2370.0,578065.0,-480.0,480.0,0.0,0.0,-14610.0,15.0,FALL
2013-01-30,2415.0,2405.0,2425.0,2380.0,362645.0,-11530.0,11530.0,0.0,0.0,-14610.0,5.0,RISE
2013-01-29,2410.0,2380.0,2440.0,2380.0,573921.0,8560.0,-8560.0,0.0,0.0,-14610.0,50.0,RISE
2013-01-28,2360.0,2360.0,2365.0,2310.0,904572.0,-5613.0,5620.0,-7.0,0.0,-14610.0,45.0,FALL
2013-01-25,2405.0,2410.0,2445.0,2350.0,618502.0,33210.0,-33210.0,0.0,0.0,-14603.0,5.0,FALL
2013-01-24,2410.0,2475.0,2490.0,2400.0,1003877.0,-27270.0,27270.0,0.0,0.0,-14603.0,70.0,FALL
2013-01-23,2480.0,2540.0,2545.0,2480.0,1210415.0,-20200.0,20200.0,0.0,0.0,-14603.0,85.0,FALL
2013-01-22,2565.0,2575.0,2600.0,2560.0,432876.0,460.0,-460.0,0.0,0.0,-14603.0,10.0,FALL
2013-01-21,2575.0,2565.0,2615.0,2560.0,1039839.0,-20670.0,20670.0,0.0,0.0,-14603.0,10.0,RISE
2013-01-18,2565.0,2560.0,2585.0,2545.0,583161.0,19010.0,-19010.0,0.0,0.0,-14603.0,30.0,RISE
2013-01-17,2535.0,2585.0,2605.0,2535.0,769028.0,8830.0,-8830.0,0.0,0.0,-14603.0,70.0,FALL
2013-01-16,2605.0,2545.0,2650.0,2545.0,1445013.0,-48380.0,48380.0,0.0,0.0,-14603.0,50.0,RISE
2013-01-15,2555.0,2560.0,2625.0,2550.0,718526.0,31176.0,-31160.0,-16.0,0.0,-14603.0,5.0,FALL
2013-01-14,2560.0,2595.0,2600.0,2530.0,880221.0,-10640.0,10640.0,0.0,0.0,-14587.0,50.0,FALL
2013-01-11,2610.0,2685.0,2690.0,2610.0,1005234.0,-5040.0,6570.0,-1530.0,0.0,-14587.0,60.0,FALL
2013-01-10,2670.0,2650.0,2680.0,2630.0,736063.0,20670.0,-20670.0,0.0,0.0,-13057.0,30.0,RISE
2013-01-09,2640.0,2620.0,2705.0,2605.0,2496836.0,-16020.0,16020.0,0.0,0.0,-13057.0,45.0,RISE
2013-01-08,2595.0,2605.0,2610.0,2535.0,836034.0,-850.0,850.0,0.0,0.0,-13057.0,5.0,RISE
2013-01-07,2590.0,2605.0,2640.0,2575.0,1337015.0,6290.0,5090.0,-11380.0,0.0,-13057.0,25.0,RISE
2013-01-04,2565.0,2595.0,2610.0,2545.0,701003.0,60730.0,-60720.0,-10.0,0.0,-1677.0,0.0,EVEN
2013-01-03,2565.0,2530.0,2565.0,2520.0,724428.0,-62170.0,62130.0,40.0,0.0,-1667.0,35.0,RISE
2013-01-02,2530.0,2600.0,2620.0,2525.0,1283911.0,-6480.0,6480.0,0.0,0.0,-1707.0,45.0,RISE
2012-12-28,2485.0,2515.0,2535.0,2460.0,1052892.0,75600.0,-75600.0,0.0,0.0,-1707.0,50.0,RISE
2012-12-27,2435.0,2415.0,2445.0,2415.0,353365.0,4020.0,-4020.0,0.0,0.0,-1707.0,0.0,EVEN
2012-12-26,2435.0,2425.0,2455.0,2410.0,730330.0,-14330.0,14330.0,0.0,0.0,-1707.0,10.0,RISE
2012-12-24,2425.0,2420.0,2460.0,2410.0,643026.0,-16430.0,16430.0,0.0,0.0,-1707.0,10.0,RISE
2012-12-21,2415.0,2405.0,2490.0,2380.0,1784314.0,-4160.0,4170.0,-10.0,0.0,-1707.0,45.0,RISE
2012-12-20,2370.0,2410.0,2480.0,2355.0,2982691.0,5550.0,-5040.0,-510.0,0.0,-1697.0,265.0,FALL
2012-12-18,2635.0,2620.0,2635.0,2535.0,1170955.0,7518.0,-7510.0,-8.0,0.0,-1187.0,30.0,RISE
2012-12-17,2605.0,2540.0,2655.0,2535.0,2504064.0,89541.0,-89540.0,-1.0,0.0,-1179.0,75.0,RISE
2012-12-14,2530.0,2465.0,2535.0,2445.0,863635.0,-31500.0,31500.0,0.0,0.0,-1178.0,60.0,RISE
2012-12-13,2470.0,2440.0,2485.0,2415.0,630414.0,-2540.0,1880.0,660.0,0.0,-1178.0,35.0,RISE
2012-12-12,2435.0,2430.0,2500.0,2395.0,1443256.0,30830.0,-31590.0,760.0,0.0,-1838.0,35.0,RISE
2012-12-11,2400.0,2375.0,2410.0,2360.0,514911.0,-15320.0,14820.0,500.0,0.0,-2598.0,30.0,FALL
2012-12-10,2430.0,2540.0,2560.0,2420.0,1292741.0,104120.0,-104660.0,540.0,0.0,-3098.0,40.0,RISE
2012-12-07,2390.0,2345.0,2390.0,2290.0,716925.0,-20440.0,20240.0,200.0,0.0,-3638.0,90.0,RISE
2012-12-06,2300.0,2310.0,2365.0,2300.0,429977.0,-26690.0,26690.0,0.0,0.0,-3838.0,35.0,FALL
2012-12-05,2335.0,2415.0,2425.0,2330.0,624874.0,61890.0,-61890.0,0.0,0.0,-3838.0,75.0,FALL
2012-12-04,2410.0,2350.0,2420.0,2340.0,580732.0,-74490.0,74490.0,0.0,0.0,-3838.0,40.0,RISE
2012-12-03,2370.0,2420.0,2440.0,2350.0,1129403.0,29554.0,-29550.0,-4.0,0.0,-3838.0,120.0,FALL
2012-11-30,2490.0,2515.0,2520.0,2460.0,495185.0,16071.0,-16070.0,-1.0,0.0,-3834.0,20.0,FALL
2012-11-29,2510.0,2530.0,2535.0,2495.0,725029.0,42180.0,-42180.0,0.0,0.0,-3833.0,20.0,RISE
2012-11-28,2490.0,2500.0,2545.0,2440.0,1117576.0,64300.0,-64300.0,0.0,0.0,-3833.0,5.0,RISE
2012-11-27,2485.0,2475.0,2515.0,2450.0,825356.0,-18620.0,20620.0,-2000.0,0.0,-3833.0,10.0,RISE
2012-11-26,2475.0,2410.0,2540.0,2390.0,1885225.0,-40500.0,40510.0,-10.0,0.0,-1833.0,115.0,RISE
2012-11-23,2360.0,2405.0,2425.0,2355.0,527000.0,73260.0,-73260.0,0.0,0.0,-1823.0,40.0,FALL
2012-11-22,2400.0,2435.0,2460.0,2395.0,440280.0,61963.0,-61960.0,-3.0,0.0,-1823.0,20.0,FALL
2012-11-21,2420.0,2455.0,2510.0,2405.0,480380.0,4330.0,-4330.0,0.0,0.0,-1820.0,20.0,FALL
2012-11-20,2440.0,2475.0,2480.0,2400.0,415546.0,24620.0,-24620.0,0.0,0.0,-1820.0,20.0,FALL
2012-11-19,2460.0,2375.0,2530.0,2375.0,1124203.0,27290.0,-27290.0,0.0,0.0,-1820.0,100.0,RISE
2012-11-16,2360.0,2365.0,2430.0,2355.0,477860.0,-14520.0,14520.0,0.0,0.0,-1820.0,45.0,FALL
2012-11-15,2405.0,2400.0,2450.0,2350.0,525493.0,-23610.0,23630.0,-20.0,0.0,-1820.0,45.0,FALL
2012-11-14,2450.0,2455.0,2480.0,2415.0,385434.0,-8040.0,8040.0,0.0,0.0,-1800.0,0.0,EVEN
2012-11-13,2450.0,2530.0,2550.0,2410.0,667031.0,-43430.0,43430.0,0.0,0.0,-1800.0,100.0,FALL
2012-11-12,2550.0,2615.0,2615.0,2550.0,372873.0,45730.0,-45730.0,0.0,0.0,-1800.0,60.0,FALL
2012-11-09,2610.0,2525.0,2620.0,2495.0,638747.0,-24500.0,24500.0,0.0,0.0,-1800.0,55.0,RISE
2012-11-08,2555.0,2510.0,2665.0,2480.0,1009480.0,-27790.0,27790.0,0.0,0.0,-1800.0,5.0,FALL
2012-11-07,2560.0,2700.0,2700.0,2470.0,1609375.0,43530.0,-43530.0,0.0,0.0,-1800.0,40.0,FALL
2012-11-06,2600.0,2580.0,2625.0,2520.0,900999.0,21300.0,-21300.0,0.0,0.0,-1800.0,0.0,EVEN
2012-11-05,2600.0,2470.0,2660.0,2460.0,2968871.0,170510.0,-170510.0,0.0,0.0,-1800.0,200.0,RISE
2012-11-02,2400.0,2470.0,2470.0,2400.0,336606.0,54860.0,-54860.0,0.0,0.0,-1800.0,5.0,RISE
2012-11-01,2395.0,2380.0,2450.0,2355.0,389164.0,28550.0,-28550.0,0.0,0.0,-1800.0,5.0,RISE
2012-10-31,2390.0,2330.0,2390.0,2330.0,542173.0,3820.0,-3820.0,0.0,0.0,-1800.0,90.0,RISE
2012-10-30,2300.0,2235.0,2330.0,2235.0,730509.0,-116400.0,116400.0,0.0,0.0,-1800.0,40.0,RISE
2012-10-29,2260.0,2400.0,2455.0,2210.0,1237746.0,-64180.0,64180.0,0.0,0.0,-1800.0,160.0,FALL
2012-10-26,2420.0,2550.0,2565.0,2400.0,1097630.0,-46650.0,46650.0,0.0,0.0,-1800.0,130.0,FALL
2012-10-25,2550.0,2580.0,2650.0,2535.0,517689.0,43470.0,-43470.0,0.0,0.0,-1800.0,50.0,FALL
2012-10-24,2600.0,2570.0,2620.0,2565.0,456159.0,6730.0,-6730.0,0.0,0.0,-1800.0,20.0,FALL
2012-10-23,2620.0,2650.0,2665.0,2620.0,416766.0,18200.0,-18200.0,0.0,0.0,-1800.0,5.0,FALL
2012-10-22,2625.0,2530.0,2635.0,2500.0,887775.0,-92920.0,92920.0,0.0,0.0,-1800.0,35.0,RISE
2012-10-19,2590.0,2620.0,2670.0,2565.0,797752.0,-68960.0,57580.0,11380.0,0.0,-1800.0,65.0,FALL
2012-10-18,2655.0,2725.0,2765.0,2630.0,785630.0,58600.0,-58600.0,0.0,0.0,-13180.0,60.0,FALL
2012-10-17,2715.0,2760.0,2780.0,2715.0,658252.0,-32210.0,32210.0,0.0,0.0,-13180.0,5.0,RISE
2012-10-16,2710.0,2805.0,2845.0,2665.0,1384031.0,-57940.0,57940.0,0.0,0.0,-13180.0,110.0,FALL
2012-10-15,2820.0,2980.0,3015.0,2730.0,1237603.0,-10140.0,10140.0,0.0,0.0,-13180.0,160.0,FALL
2012-10-12,2980.0,2970.0,2995.0,2950.0,735271.0,810.0,-810.0,0.0,0.0,-13180.0,10.0,RISE
2012-10-11,2970.0,2945.0,3035.0,2945.0,945661.0,-22810.0,22810.0,0.0,0.0,-13180.0,20.0,FALL
2012-10-10,2990.0,3015.0,3075.0,2990.0,1421036.0,25730.0,-25730.0,0.0,0.0,-13180.0,35.0,FALL
2012-10-09,3025.0,2940.0,3110.0,2930.0,3056684.0,21020.0,-21020.0,0.0,0.0,-13180.0,75.0,RISE
2012-10-08,2950.0,3000.0,3000.0,2940.0,840519.0,-46450.0,46450.0,0.0,0.0,-13180.0,70.0,FALL
2012-10-05,3020.0,3015.0,3095.0,3000.0,1332808.0,32200.0,-32190.0,-10.0,0.0,-13180.0,15.0,RISE
2012-10-04,3005.0,3025.0,3025.0,2980.0,926605.0,16270.0,-16260.0,-10.0,0.0,-13170.0,60.0,RISE
2012-10-02,2945.0,2965.0,2990.0,2940.0,592373.0,-18680.0,18680.0,0.0,0.0,-13160.0,20.0,FALL
2012-09-28,2965.0,2930.0,3005.0,2930.0,646850.0,-24400.0,24400.0,0.0,0.0,-13160.0,45.0,RISE
2012-09-27,2920.0,3005.0,3030.0,2885.0,1523601.0,99230.0,-82970.0,-16260.0,0.0,-13160.0,100.0,FALL
2012-09-26,3020.0,3020.0,3080.0,3005.0,1115741.0,-35850.0,35350.0,500.0,0.0,3100.0,50.0,FALL
2012-09-25,3070.0,3165.0,3230.0,3045.0,3400294.0,-109010.0,109020.0,-10.0,0.0,2600.0,130.0,FALL
2012-09-24,3200.0,3045.0,3230.0,3015.0,4669094.0,82890.0,-81890.0,-1000.0,0.0,2610.0,130.0,RISE
2012-09-21,3070.0,3185.0,3185.0,2930.0,1923613.0,27050.0,-43310.0,16260.0,0.0,3610.0,90.0,FALL
2012-09-20,3160.0,3100.0,3170.0,3070.0,1830772.0,-277150.0,277150.0,0.0,0.0,-12650.0,60.0,RISE
2012-09-19,3100.0,3175.0,3190.0,3060.0,2499780.0,146450.0,-146450.0,0.0,0.0,-12650.0,10.0,RISE
2012-09-18,3090.0,3035.0,3245.0,3000.0,5911116.0,15413.0,-15410.0,-3.0,0.0,-12650.0,55.0,RISE
2012-09-17,3035.0,3065.0,3070.0,3030.0,1094335.0,60570.0,-60570.0,0.0,0.0,-12647.0,5.0,RISE
2012-09-14,3030.0,3025.0,3090.0,2990.0,2123039.0,-49370.0,49370.0,0.0,0.0,-12647.0,40.0,RISE
2012-09-13,2990.0,3030.0,3045.0,2970.0,3159639.0,35346.0,-19720.0,-15626.0,0.0,-12647.0,110.0,FALL
2012-09-12,3100.0,3140.0,3150.0,3080.0,1965722.0,-169330.0,168340.0,990.0,0.0,2979.0,35.0,FALL
2012-09-11,3135.0,3300.0,3370.0,3130.0,5412174.0,229330.0,-226840.0,-2490.0,0.0,1989.0,0.0,EVEN
2012-09-10,3135.0,3215.0,3225.0,3130.0,1960348.0,-10620.0,10630.0,-10.0,0.0,4479.0,70.0,FALL
2012-09-07,3205.0,3210.0,3295.0,3165.0,4088948.0,2780.0,-2780.0,0.0,0.0,4489.0,5.0,RISE
2012-09-06,3200.0,3135.0,3390.0,3100.0,11107633.0,58160.0,-58160.0,0.0,0.0,4489.0,100.0,RISE
2012-09-05,3100.0,3100.0,3210.0,3090.0,2836981.0,102710.0,-102710.0,0.0,0.0,4489.0,0.0,EVEN
2012-09-04,3100.0,3145.0,3155.0,3090.0,1281239.0,93270.0,-93270.0,0.0,0.0,4489.0,55.0,FALL
2012-09-03,3155.0,3165.0,3195.0,3120.0,1730998.0,-6940.0,6940.0,0.0,0.0,4489.0,5.0,RISE
2012-08-31,3150.0,3090.0,3165.0,3080.0,1536997.0,69620.0,-69610.0,-10.0,0.0,4489.0,65.0,RISE
2012-08-30,3085.0,3155.0,3155.0,3085.0,1411482.0,33670.0,-33640.0,-30.0,0.0,4499.0,50.0,FALL
2012-08-29,3135.0,3055.0,3175.0,3035.0,3771682.0,-242590.0,242600.0,-10.0,0.0,4529.0,75.0,RISE
2012-08-28,3060.0,3045.0,3075.0,3010.0,1620339.0,69910.0,-69910.0,0.0,0.0,4539.0,20.0,RISE
2012-08-27,3040.0,3110.0,3110.0,3020.0,1378651.0,47650.0,-47650.0,0.0,0.0,4539.0,50.0,FALL
2012-08-24,3090.0,3075.0,3125.0,3040.0,1845516.0,-47310.0,48280.0,-970.0,0.0,4539.0,25.0,FALL
2012-08-23,3115.0,3050.0,3185.0,3010.0,3548634.0,-10800.0,10800.0,0.0,0.0,5509.0,80.0,RISE
2012-08-22,3035.0,3110.0,3125.0,3020.0,2393514.0,73700.0,-73700.0,0.0,0.0,5509.0,80.0,FALL
2012-08-21,3115.0,3020.0,3155.0,3020.0,3382765.0,-20670.0,20670.0,0.0,0.0,5509.0,115.0,RISE
2012-08-20,3000.0,3040.0,3045.0,2980.0,1676708.0,-144600.0,144600.0,0.0,0.0,5509.0,75.0,FALL
2012-08-17,3075.0,3110.0,3135.0,3055.0,1546948.0,-34390.0,34390.0,0.0,0.0,5509.0,20.0,FALL
2012-08-16,3095.0,3155.0,3170.0,3070.0,1687452.0,-72538.0,72540.0,-2.0,0.0,5509.0,30.0,FALL
2012-08-14,3125.0,3160.0,3230.0,3110.0,3452866.0,-17770.0,16100.0,1670.0,0.0,5511.0,10.0,RISE
2012-08-13,3115.0,3120.0,3190.0,3100.0,2141069.0,-43540.0,42720.0,820.0,0.0,3841.0,30.0,FALL
2012-08-10,3145.0,3155.0,3200.0,3105.0,4592589.0,-129731.0,129750.0,-19.0,0.0,3021.0,75.0,FALL
2012-08-09,3220.0,2950.0,3350.0,2935.0,11762166.0,71020.0,-70750.0,-270.0,0.0,3040.0,300.0,RISE
2012-08-08,2920.0,3000.0,3010.0,2905.0,1855494.0,2561.0,7440.0,-10001.0,0.0,3310.0,75.0,FALL
2012-08-07,2995.0,2985.0,3055.0,2985.0,1488393.0,-66310.0,66320.0,-10.0,0.0,13311.0,15.0,FALL
2012-08-06,3010.0,3055.0,3060.0,2995.0,1541078.0,-75610.0,78720.0,-3110.0,0.0,13321.0,25.0,FALL
2012-08-03,3035.0,3130.0,3170.0,3035.0,4864918.0,60210.0,-70010.0,9800.0,0.0,16431.0,20.0,RISE
2012-08-02,3015.0,3060.0,3080.0,2975.0,1653893.0,138890.0,-138790.0,-100.0,0.0,6631.0,25.0,FALL
2012-08-01,3040.0,2990.0,3040.0,2925.0,1528162.0,-151350.0,151350.0,0.0,0.0,6731.0,55.0,RISE
2012-07-31,2985.0,3005.0,3095.0,2960.0,3093913.0,-12790.0,12800.0,-10.0,0.0,6731.0,25.0,RISE
2012-07-30,2960.0,2950.0,3025.0,2950.0,1659382.0,-7650.0,7650.0,0.0,0.0,6741.0,10.0,RISE
2012-07-27,2950.0,3000.0,3070.0,2915.0,2933802.0,13140.0,-13140.0,0.0,0.0,6741.0,50.0,RISE
2012-07-26,2900.0,2970.0,3080.0,2870.0,5375674.0,14319.0,-17310.0,2991.0,0.0,6741.0,70.0,FALL
2012-07-25,2970.0,2800.0,3170.0,2755.0,16670495.0,22890.0,-22890.0,0.0,0.0,3750.0,135.0,RISE
2012-07-24,2835.0,2895.0,2920.0,2770.0,2147063.0,988.0,-980.0,-8.0,0.0,3750.0,105.0,FALL
2012-07-23,2940.0,2920.0,3010.0,2900.0,4688825.0,-17180.0,17180.0,0.0,0.0,3758.0,0.0,EVEN
2012-07-20,2940.0,2840.0,3015.0,2820.0,12517320.0,11150.0,-10540.0,-610.0,0.0,3758.0,190.0,RISE
2012-07-19,2750.0,2700.0,2760.0,2675.0,2436778.0,-59340.0,59340.0,0.0,0.0,4368.0,60.0,RISE
2012-07-18,2690.0,2720.0,3125.0,2390.0,19740360.0,91080.0,-91080.0,0.0,0.0,4368.0,30.0,FALL
2012-07-17,2720.0,2665.0,2760.0,2665.0,3582198.0,335120.0,-335120.0,0.0,0.0,4368.0,105.0,RISE
2012-07-16,2615.0,2660.0,2660.0,2610.0,741033.0,-9030.0,9030.0,0.0,0.0,4368.0,5.0,FALL
2012-07-13,2620.0,2680.0,2690.0,2400.0,2353773.0,3810.0,-3810.0,0.0,0.0,4368.0,95.0,FALL
2012-07-12,2715.0,2775.0,2790.0,2710.0,1380682.0,15860.0,-15850.0,-10.0,0.0,4368.0,35.0,FALL
2012-07-11,2750.0,2715.0,2770.0,2700.0,1697485.0,5190.0,-5190.0,0.0,0.0,4378.0,65.0,RISE
2012-07-10,2685.0,2675.0,2700.0,2645.0,940142.0,8090.0,-8090.0,0.0,0.0,4378.0,15.0,RISE
2012-07-09,2670.0,2720.0,2795.0,2670.0,2556221.0,25580.0,-25580.0,0.0,0.0,4378.0,35.0,RISE
2012-07-06,2635.0,2680.0,2700.0,2625.0,887602.0,-5280.0,5280.0,0.0,0.0,4378.0,30.0,FALL
2012-07-05,2665.0,2745.0,2760.0,2660.0,1326318.0,44380.0,-44380.0,0.0,0.0,4378.0,60.0,FALL
2012-07-04,2725.0,2715.0,2785.0,2680.0,2700208.0,-15750.0,15760.0,-10.0,0.0,4378.0,45.0,RISE
2012-07-03,2680.0,2700.0,2750.0,2665.0,1903330.0,19370.0,-19360.0,-10.0,0.0,4388.0,10.0,RISE
2012-07-02,2670.0,2670.0,2725.0,2650.0,1529407.0,9460.0,-9460.0,0.0,0.0,4398.0,20.0,RISE
2012-06-29,2650.0,2625.0,2670.0,2600.0,805457.0,-12990.0,12990.0,0.0,0.0,4398.0,5.0,RISE
2012-06-28,2645.0,2585.0,2645.0,2570.0,738789.0,-19400.0,19300.0,100.0,0.0,4398.0,80.0,RISE
2012-06-27,2565.0,2635.0,2645.0,2560.0,772807.0,-11840.0,11840.0,0.0,0.0,4298.0,55.0,FALL
2012-06-26,2620.0,2660.0,2695.0,2620.0,1008599.0,81390.0,-81390.0,0.0,0.0,4298.0,65.0,FALL
2012-06-25,2685.0,2660.0,2740.0,2630.0,1836129.0,92990.0,-92990.0,0.0,0.0,4298.0,50.0,RISE
2012-06-22,2635.0,2560.0,2675.0,2530.0,1452472.0,-2491.0,2470.0,21.0,0.0,4298.0,10.0,RISE
2012-06-21,2625.0,2655.0,2670.0,2610.0,1082776.0,-56790.0,56790.0,0.0,0.0,4277.0,30.0,FALL
2012-06-20,2655.0,2600.0,2775.0,2585.0,4987869.0,19160.0,-19160.0,0.0,0.0,4277.0,90.0,RISE
2012-06-19,2565.0,2540.0,2600.0,2535.0,1328645.0,-42860.0,42860.0,0.0,0.0,4277.0,30.0,RISE
2012-06-18,2535.0,2520.0,2610.0,2510.0,1856882.0,-99179.0,99180.0,-1.0,0.0,4277.0,45.0,RISE
2012-06-15,2490.0,2550.0,2580.0,2490.0,1315722.0,-64510.0,64510.0,0.0,0.0,4278.0,80.0,FALL
2012-06-14,2570.0,2605.0,2675.0,2570.0,2469881.0,66789.0,-67360.0,571.0,0.0,4278.0,15.0,RISE
2012-06-13,2555.0,2620.0,2635.0,2555.0,1016541.0,-29980.0,29980.0,0.0,0.0,3707.0,50.0,FALL
2012-06-12,2605.0,2525.0,2625.0,2525.0,1097825.0,-15660.0,15660.0,0.0,0.0,3707.0,10.0,FALL
2012-06-11,2615.0,2610.0,2675.0,2580.0,2246445.0,158420.0,-158420.0,0.0,0.0,3707.0,135.0,RISE
2012-06-08,2480.0,2465.0,2480.0,2385.0,1239864.0,-38110.0,37900.0,210.0,0.0,3707.0,40.0,RISE
2012-06-07,2440.0,2470.0,2485.0,2440.0,1213850.0,-107300.0,107300.0,0.0,0.0,3497.0,45.0,RISE
2012-06-05,2395.0,2395.0,2435.0,2390.0,1407260.0,-103050.0,103050.0,0.0,0.0,3497.0,0.0,EVEN
2012-06-04,2395.0,2590.0,2615.0,2350.0,2201779.0,110880.0,-110880.0,0.0,0.0,3497.0,335.0,FALL
2012-06-01,2730.0,2690.0,2745.0,2650.0,1232376.0,-25450.0,25460.0,-10.0,0.0,3497.0,50.0,RISE
2012-05-31,2680.0,2635.0,2685.0,2600.0,897444.0,-47670.0,47680.0,-10.0,0.0,3507.0,10.0,RISE
2012-05-30,2670.0,2715.0,2730.0,2650.0,1189862.0,-15340.0,15340.0,0.0,0.0,3517.0,50.0,FALL
2012-05-29,2720.0,2730.0,2760.0,2705.0,1256421.0,12640.0,-12640.0,0.0,0.0,3517.0,60.0,FALL
2012-05-25,2780.0,2750.0,2800.0,2680.0,1243115.0,-21210.0,21220.0,-10.0,0.0,3517.0,100.0,RISE
2012-05-24,2680.0,2660.0,2725.0,2570.0,1418020.0,-100075.0,100080.0,-5.0,0.0,3527.0,20.0,FALL
2012-05-23,2700.0,2900.0,3000.0,2685.0,7060630.0,233600.0,-229860.0,-3740.0,0.0,3532.0,90.0,RISE
2012-05-22,2610.0,2545.0,2610.0,2545.0,1293798.0,-91920.0,91720.0,200.0,0.0,7272.0,110.0,RISE
2012-05-21,2500.0,2420.0,2525.0,2390.0,2001735.0,-139840.0,139840.0,0.0,0.0,7072.0,20.0,RISE
2012-05-18,2480.0,2680.0,2720.0,2480.0,1770735.0,-22880.0,22880.0,0.0,0.0,7072.0,300.0,FALL
2012-05-17,2780.0,2780.0,2850.0,2735.0,1222846.0,-13260.0,13260.0,0.0,0.0,7072.0,30.0,FALL
2012-05-16,2810.0,2900.0,2950.0,2800.0,1304880.0,19530.0,-19530.0,0.0,0.0,7072.0,120.0,FALL
2012-05-15,2930.0,3000.0,3025.0,2800.0,2341945.0,-18343.0,18510.0,-167.0,0.0,7072.0,145.0,FALL
2012-05-14,3075.0,3010.0,3130.0,2975.0,5449558.0,26040.0,-25980.0,-60.0,0.0,7239.0,120.0,RISE
2012-05-11,2955.0,2870.0,2955.0,2785.0,1246898.0,12660.0,-12660.0,0.0,0.0,7299.0,80.0,RISE
2012-05-10,2875.0,2800.0,2930.0,2750.0,922180.0,10540.0,-10540.0,0.0,0.0,7299.0,55.0,RISE
2012-05-09,2820.0,2850.0,2880.0,2775.0,1073806.0,-2990.0,2990.0,0.0,0.0,7299.0,80.0,FALL
2012-05-08,2900.0,2960.0,2965.0,2890.0,1011958.0,-21130.0,21130.0,0.0,0.0,7299.0,35.0,FALL
2012-05-07,2935.0,2890.0,2960.0,2865.0,1251715.0,127030.0,-127020.0,-10.0,0.0,7299.0,50.0,RISE
2012-05-04,2885.0,2850.0,2900.0,2825.0,859017.0,-20820.0,20720.0,100.0,0.0,7309.0,25.0,RISE
2012-05-03,2860.0,2890.0,2905.0,2805.0,1314654.0,78260.0,-78300.0,40.0,0.0,7209.0,10.0,RISE
2012-05-02,2850.0,2730.0,2850.0,2730.0,1433699.0,-42759.0,42760.0,-1.0,0.0,7169.0,160.0,RISE
2012-04-30,2690.0,2750.0,2800.0,2655.0,1689247.0,-66010.0,66010.0,0.0,0.0,7170.0,90.0,FALL
2012-04-27,2780.0,2815.0,2855.0,2740.0,1365279.0,-73220.0,73230.0,-10.0,0.0,7170.0,25.0,FALL
2012-04-26,2805.0,3000.0,3005.0,2725.0,2501424.0,-34940.0,31590.0,3350.0,0.0,7180.0,140.0,FALL
2012-04-25,2945.0,2925.0,3065.0,2925.0,4178512.0,34780.0,-35760.0,980.0,0.0,3830.0,20.0,RISE
2012-04-24,2925.0,2805.0,2960.0,2785.0,2356579.0,-33200.0,33000.0,200.0,0.0,2850.0,30.0,RISE
2012-04-23,2895.0,3045.0,3080.0,2810.0,3146937.0,-49860.0,49810.0,50.0,0.0,2650.0,185.0,FALL
2012-04-20,3080.0,3115.0,3140.0,3040.0,2027229.0,2590.0,-2590.0,0.0,0.0,2600.0,0.0,EVEN
2012-04-19,3080.0,3080.0,3205.0,3045.0,4235599.0,16160.0,-16160.0,0.0,0.0,2600.0,30.0,FALL
2012-04-18,3110.0,3140.0,3175.0,3065.0,3185210.0,-14114.0,14130.0,-16.0,0.0,2600.0,40.0,FALL
2012-04-17,3150.0,3240.0,3270.0,3045.0,5450807.0,21320.0,-21580.0,260.0,0.0,2616.0,150.0,FALL
2012-04-16,3300.0,2920.0,3400.0,2870.0,14414158.0,-52220.0,55400.0,-3180.0,0.0,2356.0,330.0,RISE
2012-04-13,2970.0,3130.0,3180.0,2940.0,5949290.0,70010.0,-73170.0,3160.0,0.0,5536.0,120.0,RISE
2012-04-12,2850.0,2675.0,2965.0,2655.0,5359681.0,-7170.0,5650.0,1520.0,0.0,2376.0,50.0,RISE
2012-04-10,2800.0,2530.0,2865.0,2530.0,5111604.0,-39940.0,39940.0,0.0,0.0,856.0,260.0,RISE
2012-04-09,2540.0,2940.0,2940.0,2540.0,3146667.0,-24530.0,24530.0,0.0,0.0,856.0,445.0,LOWER_LIMIT
2012-04-06,2985.0,2955.0,3000.0,2920.0,2889224.0,55290.0,-55290.0,0.0,0.0,856.0,80.0,RISE
2012-04-05,2905.0,2750.0,2915.0,2745.0,3077475.0,169710.0,-169710.0,0.0,0.0,856.0,100.0,RISE
2012-04-04,2805.0,2860.0,2920.0,2750.0,2151010.0,-68100.0,68100.0,0.0,0.0,856.0,55.0,FALL
2012-04-03,2860.0,3000.0,3025.0,2840.0,3741520.0,273480.0,-273480.0,0.0,0.0,856.0,165.0,FALL
2012-04-02,3025.0,3020.0,3090.0,2955.0,3191855.0,194156.0,-194150.0,-6.0,0.0,856.0,80.0,RISE
2012-03-30,2945.0,2910.0,3030.0,2895.0,2588653.0,-10410.0,10410.0,0.0,0.0,862.0,5.0,FALL
2012-03-29,2950.0,2960.0,2980.0,2880.0,3234330.0,-213460.0,213460.0,0.0,0.0,862.0,85.0,FALL
2012-03-28,3035.0,3180.0,3190.0,3025.0,2627895.0,-100156.0,100200.0,-44.0,0.0,862.0,160.0,FALL
2012-03-27,3195.0,3230.0,3300.0,3150.0,3715236.0,146190.0,-146190.0,0.0,0.0,906.0,60.0,RISE
2012-03-26,3135.0,3250.0,3315.0,3110.0,3377697.0,339696.0,-339690.0,-6.0,0.0,906.0,165.0,FALL
2012-03-23,3300.0,3130.0,3300.0,3130.0,4339232.0,-98700.0,100140.0,-1440.0,0.0,912.0,175.0,RISE
2012-03-22,3125.0,3250.0,3355.0,3115.0,4832446.0,-238506.0,238180.0,326.0,0.0,2352.0,185.0,FALL
2012-03-21,3310.0,3470.0,3540.0,3280.0,3459872.0,-57610.0,57610.0,0.0,0.0,2026.0,195.0,FALL
2012-03-20,3505.0,3600.0,3665.0,3350.0,7459383.0,198670.0,-198660.0,-10.0,0.0,2026.0,55.0,FALL
2012-03-19,3560.0,3440.0,3560.0,3370.0,4430553.0,-573430.0,573430.0,0.0,0.0,2036.0,10.0,FALL
2012-03-16,3570.0,3830.0,3860.0,3560.0,4518897.0,100560.0,-101080.0,520.0,0.0,2036.0,225.0,FALL
2012-03-15,3795.0,3800.0,3900.0,3750.0,3149263.0,-207630.0,207630.0,0.0,0.0,1516.0,5.0,FALL
2012-03-14,3800.0,3970.0,4025.0,3800.0,3304155.0,-4750.0,4750.0,0.0,0.0,1516.0,120.0,FALL
2012-03-13,3920.0,4025.0,4125.0,3895.0,3288501.0,142750.0,-142740.0,-10.0,0.0,1516.0,80.0,FALL
2012-03-12,4000.0,3875.0,4020.0,3815.0,4446535.0,82310.0,-82810.0,500.0,0.0,1526.0,170.0,RISE
2012-03-09,3830.0,3855.0,3925.0,3705.0,3365853.0,43960.0,-43960.0,0.0,0.0,1026.0,5.0,FALL
2012-03-08,3835.0,4025.0,4110.0,3775.0,4966710.0,-223227.0,223950.0,-723.0,0.0,1026.0,215.0,FALL
2012-03-07,4050.0,4010.0,4255.0,3985.0,4316913.0,-19251.0,19260.0,-9.0,0.0,1749.0,150.0,FALL
2012-03-06,4200.0,4450.0,4530.0,4150.0,10771228.0,35420.0,-35410.0,-10.0,0.0,1758.0,330.0,FALL
2012-03-05,4530.0,4200.0,4590.0,4130.0,16973115.0,-36660.0,36660.0,0.0,0.0,1768.0,450.0,RISE
2012-03-02,4080.0,4290.0,4440.0,3915.0,12810763.0,173070.0,-173060.0,-10.0,0.0,1768.0,180.0,RISE
2012-02-29,3900.0,3825.0,3900.0,3740.0,4494660.0,40859.0,-40850.0,-9.0,0.0,1778.0,115.0,RISE
2012-02-28,3785.0,3860.0,4035.0,3745.0,8455216.0,91010.0,-91530.0,520.0,0.0,1787.0,115.0,FALL
2012-02-27,3900.0,3940.0,4215.0,3850.0,14856472.0,-272870.0,272870.0,0.0,0.0,1267.0,100.0,RISE
2012-02-24,3800.0,4215.0,4425.0,3705.0,25458135.0,-33340.0,33370.0,-30.0,0.0,1267.0,190.0,FALL
2012-02-23,3990.0,4055.0,4330.0,3925.0,11774692.0,5730.0,-5800.0,70.0,0.0,1297.0,110.0,FALL
2012-02-22,4100.0,4325.0,4490.0,3910.0,19091137.0,5460.0,-4940.0,-520.0,0.0,1227.0,225.0,FALL
2012-02-21,4325.0,3730.0,4325.0,3700.0,28499435.0,54340.0,-54990.0,650.0,0.0,1747.0,560.0,UPPER_LIMIT
2012-02-20,3765.0,3280.0,3765.0,3225.0,21249893.0,116675.0,-116670.0,-5.0,0.0,1097.0,490.0,UPPER_LIMIT
2012-02-17,3275.0,3160.0,3400.0,3160.0,4605911.0,20830.0,-20740.0,-90.0,0.0,1102.0,115.0,RISE
2012-02-16,3160.0,3230.0,3270.0,3160.0,2293691.0,31860.0,-31860.0,0.0,0.0,1192.0,70.0,FALL
2012-02-15,3230.0,3350.0,3350.0,3210.0,3081409.0,58440.0,-58400.0,-40.0,0.0,1192.0,110.0,FALL
2012-02-14,3340.0,3195.0,3500.0,3170.0,14294576.0,54612.0,-54380.0,-232.0,0.0,1232.0,270.0,RISE
2012-02-13,3070.0,3000.0,3085.0,3000.0,2183412.0,-124470.0,124470.0,0.0,0.0,1464.0,50.0,RISE
2012-02-10,3020.0,3300.0,3315.0,3000.0,5182035.0,-32696.0,32706.0,-10.0,0.0,1464.0,260.0,FALL
2012-02-09,3280.0,3240.0,3360.0,3210.0,4680636.0,-181590.0,181590.0,0.0,0.0,1474.0,20.0,RISE
2012-02-08,3260.0,3420.0,3475.0,3250.0,5780021.0,116270.0,-116030.0,-240.0,0.0,1474.0,150.0,FALL
2012-02-07,3410.0,3320.0,3450.0,3295.0,6184498.0,43640.0,-43630.0,-10.0,0.0,1714.0,130.0,RISE
2012-02-06,3280.0,3380.0,3415.0,3230.0,3714452.0,-200680.0,215430.0,-14750.0,0.0,1724.0,50.0,FALL
2012-02-03,3330.0,3560.0,3570.0,3325.0,7986529.0,590.0,-390.0,-200.0,0.0,16474.0,120.0,FALL
2012-02-02,3450.0,3485.0,3640.0,3360.0,9178437.0,41020.0,-41020.0,0.0,0.0,16674.0,30.0,RISE
2012-02-01,3420.0,3280.0,3430.0,3235.0,5762905.0,-36400.0,21830.0,14570.0,0.0,16674.0,80.0,RISE
2012-01-31,3340.0,3055.0,3505.0,3025.0,14115349.0,1130.0,-1130.0,0.0,0.0,2104.0,290.0,RISE
2012-01-30,3050.0,3010.0,3110.0,2970.0,4127810.0,-9940.0,9940.0,0.0,0.0,2104.0,125.0,RISE
2012-01-27,2925.0,3015.0,3105.0,2920.0,3986109.0,232530.0,-232530.0,0.0,0.0,2104.0,10.0,RISE
2012-01-26,2915.0,2920.0,2935.0,2860.0,1681451.0,142590.0,-142580.0,-10.0,0.0,2104.0,15.0,RISE
2012-01-25,2900.0,2850.0,2915.0,2805.0,1777733.0,-67950.0,67950.0,0.0,0.0,2114.0,55.0,RISE
2012-01-20,2845.0,2900.0,2940.0,2715.0,3756035.0,121010.0,-121000.0,-10.0,0.0,2114.0,15.0,FALL
2012-01-19,2860.0,2945.0,3055.0,2755.0,5490449.0,-349250.0,349260.0,-10.0,0.0,2124.0,60.0,FALL
2012-01-18,2920.0,3240.0,3250.0,2900.0,5395523.0,-95190.0,95190.0,0.0,0.0,2134.0,335.0,FALL
2012-01-17,3255.0,3275.0,3320.0,3205.0,4888336.0,144880.0,-144880.0,0.0,0.0,2134.0,10.0,RISE
2012-01-16,3245.0,3185.0,3255.0,3155.0,2774797.0,-109520.0,109520.0,0.0,0.0,2134.0,35.0,RISE
2012-01-13,3210.0,3090.0,3385.0,3050.0,9417653.0,67860.0,-67860.0,0.0,0.0,2134.0,110.0,RISE
2012-01-12,3100.0,3225.0,3315.0,3000.0,5792933.0,-124740.0,124960.0,-220.0,0.0,2134.0,155.0,FALL
2012-01-11,3255.0,3500.0,3550.0,3245.0,6193023.0,6190.0,-6190.0,0.0,0.0,2354.0,280.0,FALL
2012-01-10,3535.0,3540.0,3595.0,3390.0,11367434.0,-9220.0,8910.0,310.0,0.0,2354.0,75.0,RISE
2012-01-09,3460.0,3245.0,3520.0,2905.0,15029614.0,301300.0,-301270.0,-30.0,0.0,2044.0,165.0,RISE
2012-01-06,3295.0,3320.0,3430.0,3210.0,11180531.0,318610.0,-318600.0,-10.0,0.0,2074.0,80.0,RISE
2012-01-05,3215.0,3140.0,3485.0,3030.0,17412066.0,-355240.0,355920.0,-680.0,0.0,2084.0,45.0,RISE
2012-01-04,3170.0,3380.0,3580.0,3170.0,20749231.0,237610.0,-237610.0,0.0,0.0,2764.0,75.0,FALL
2012-01-03,3245.0,3220.0,3365.0,3115.0,17206880.0,-25540.0,25530.0,10.0,0.0,2764.0,95.0,RISE
2012-01-02,3150.0,3250.0,3300.0,3095.0,16913162.0,-209420.0,209370.0,50.0,0.0,2754.0,255.0,FALL
2011-12-29,3405.0,3265.0,3640.0,3240.0,28943101.0,-254740.0,254740.0,0.0,0.0,2704.0,135.0,RISE
2011-12-28,3270.0,3445.0,3825.0,3180.0,40665451.0,24130.0,-24340.0,210.0,0.0,2704.0,410.0,FALL
2011-12-27,3680.0,3210.0,3680.0,3040.0,37677446.0,41550.0,-41570.0,20.0,0.0,2494.0,480.0,UPPER_LIMIT
2011-12-26,3200.0,3355.0,3425.0,3015.0,35254064.0,-14510.0,14300.0,210.0,0.0,2474.0,50.0,RISE
2011-12-23,3150.0,2995.0,3150.0,2930.0,10571813.0,44890.0,-44870.0,-20.0,0.0,2264.0,410.0,UPPER_LIMIT
2011-12-22,2740.0,2445.0,2740.0,2350.0,12187863.0,44360.0,-44340.0,-20.0,0.0,2284.0,355.0,UPPER_LIMIT
2011-12-21,2385.0,2250.0,2530.0,2160.0,17344875.0,-117330.0,117330.0,0.0,0.0,2304.0,185.0,RISE
2011-12-20,2200.0,2230.0,2265.0,2080.0,5540792.0,-27310.0,27310.0,0.0,0.0,2304.0,35.0,FALL
2011-12-19,2235.0,2330.0,2390.0,1810.0,20037044.0,9140.0,-9120.0,-20.0,0.0,2304.0,155.0,RISE
2011-12-16,2080.0,2190.0,2190.0,2050.0,1577854.0,14250.0,-14250.0,0.0,0.0,2324.0,60.0,FALL
2011-12-15,2140.0,2120.0,2170.0,2070.0,2629280.0,53450.0,-53450.0,0.0,0.0,2324.0,40.0,RISE
2011-12-14,2100.0,1995.0,2125.0,1995.0,2739849.0,-12480.0,12480.0,0.0,0.0,2324.0,105.0,RISE
2011-12-13,1995.0,1990.0,2010.0,1970.0,681849.0,18790.0,-18790.0,0.0,0.0,2324.0,0.0,EVEN
2011-12-12,1995.0,2020.0,2025.0,1975.0,874104.0,87784.0,-87550.0,-234.0,0.0,2324.0,20.0,FALL
2011-12-09,2015.0,2000.0,2015.0,1955.0,1015288.0,40480.0,-40480.0,0.0,0.0,2558.0,5.0,RISE
2011-12-08,2010.0,2005.0,2025.0,1995.0,654076.0,25230.0,-28510.0,3280.0,0.0,2558.0,0.0,EVEN
2011-12-07,2010.0,2005.0,2025.0,1980.0,982320.0,-39270.0,39280.0,-10.0,0.0,-722.0,15.0,RISE
2011-12-06,1995.0,2045.0,2050.0,1985.0,751121.0,39970.0,-39970.0,0.0,0.0,-712.0,35.0,FALL
2011-12-05,2030.0,2085.0,2085.0,2030.0,742208.0,-49858.0,49870.0,-12.0,0.0,-712.0,45.0,FALL
2011-12-02,2075.0,2100.0,2110.0,2040.0,777660.0,25310.0,-25310.0,0.0,0.0,-700.0,30.0,FALL
2011-12-01,2105.0,2070.0,2105.0,2055.0,1608131.0,34990.0,-34990.0,0.0,0.0,-700.0,75.0,RISE
2011-11-30,2030.0,2020.0,2065.0,2010.0,939671.0,-59890.0,59890.0,0.0,0.0,-700.0,5.0,RISE
2011-11-29,2025.0,2025.0,2045.0,2000.0,941001.0,-48590.0,47740.0,850.0,0.0,-700.0,5.0,RISE
2011-11-28,2020.0,2040.0,2060.0,1990.0,1072159.0,43130.0,-43130.0,0.0,0.0,-1550.0,10.0,RISE
2011-11-25,2010.0,2025.0,2100.0,1970.0,1920982.0,-41740.0,41740.0,0.0,0.0,-1550.0,15.0,RISE
2011-11-24,1995.0,2085.0,2135.0,1995.0,2397423.0,-64120.0,64120.0,0.0,0.0,-1550.0,135.0,FALL
2011-11-23,2130.0,2215.0,2235.0,2080.0,2129257.0,8290.0,-8500.0,210.0,0.0,-1550.0,120.0,FALL
2011-11-22,2250.0,2115.0,2250.0,2090.0,2941400.0,-112870.0,112870.0,0.0,0.0,-1760.0,90.0,RISE
2011-11-21,2160.0,2245.0,2255.0,2160.0,1625949.0,154270.0,-153200.0,-1070.0,0.0,-1760.0,55.0,FALL
2011-11-18,2215.0,2115.0,2220.0,2110.0,1350971.0,-20020.0,20020.0,0.0,0.0,-690.0,35.0,RISE
2011-11-17,2180.0,2100.0,2180.0,2060.0,1309192.0,-65940.0,65940.0,0.0,0.0,-690.0,100.0,RISE
2011-11-16,2080.0,2180.0,2230.0,2070.0,2881068.0,-52940.0,53620.0,-680.0,0.0,-690.0,130.0,FALL
2011-11-15,2210.0,2145.0,2255.0,2125.0,4990807.0,140060.0,-140060.0,0.0,0.0,-10.0,40.0,RISE
2011-11-14,2170.0,2090.0,2235.0,2020.0,5718784.0,-24580.0,24590.0,-10.0,0.0,-10.0,225.0,RISE
